100.000000    0.014432
100.100000    0.014544
100.200000    0.014657
100.300000    0.014771
100.400000    0.014886
100.500000    0.015003
100.600000    0.015122
100.700000    0.015241
100.800000    0.015362
100.900000    0.015485
101.000000    0.015609
101.100000    0.015735
101.200000    0.015862
101.300000    0.015990
101.400000    0.016121
101.500000    0.016252
101.600000    0.016386
101.700000    0.016521
101.800000    0.016658
101.900000    0.016796
102.000000    0.016936
102.100000    0.017078
102.200000    0.017222
102.300000    0.017367
102.400000    0.017515
102.500000    0.017664
102.600000    0.017815
102.700000    0.017968
102.800000    0.018123
102.900000    0.018281
103.000000    0.018440
103.100000    0.018601
103.200000    0.018764
103.300000    0.018930
103.400000    0.019098
103.500000    0.019268
103.600000    0.019440
103.700000    0.019615
103.800000    0.019792
103.900000    0.019971
104.000000    0.020153
104.100000    0.020337
104.200000    0.020524
104.300000    0.020713
104.400000    0.020905
104.500000    0.021100
104.600000    0.021297
104.700000    0.021498
104.800000    0.021701
104.900000    0.021907
105.000000    0.022116
105.100000    0.022328
105.200000    0.022543
105.300000    0.022761
105.400000    0.022982
105.500000    0.023206
105.600000    0.023434
105.700000    0.023665
105.800000    0.023900
105.900000    0.024138
106.000000    0.024380
106.100000    0.024625
106.200000    0.024874
106.300000    0.025127
106.400000    0.025384
106.500000    0.025644
106.600000    0.025909
106.700000    0.026178
106.800000    0.026451
106.900000    0.026728
107.000000    0.027010
107.100000    0.027296
107.200000    0.027587
107.300000    0.027882
107.400000    0.028182
107.500000    0.028487
107.600000    0.028797
107.700000    0.029112
107.800000    0.029433
107.900000    0.029758
108.000000    0.030089
108.100000    0.030426
108.200000    0.030768
108.300000    0.031116
108.400000    0.031470
108.500000    0.031830
108.600000    0.032196
108.700000    0.032569
108.800000    0.032948
108.900000    0.033334
109.000000    0.033726
109.100000    0.034126
109.200000    0.034532
109.300000    0.034946
109.400000    0.035368
109.500000    0.035797
109.600000    0.036234
109.700000    0.036679
109.800000    0.037132
109.900000    0.037593
110.000000    0.038064
110.100000    0.038543
110.200000    0.039031
110.300000    0.039529
110.400000    0.040036
110.500000    0.040553
110.600000    0.041080
110.700000    0.041617
110.800000    0.042165
110.900000    0.042724
111.000000    0.043294
111.100000    0.043875
111.200000    0.044468
111.300000    0.045073
111.400000    0.045691
111.500000    0.046322
111.600000    0.046965
111.700000    0.047622
111.800000    0.048293
111.900000    0.048978
112.000000    0.049678
112.100000    0.050393
112.200000    0.051123
112.300000    0.051870
112.400000    0.052633
112.500000    0.053412
112.600000    0.054209
112.700000    0.055025
112.800000    0.055858
112.900000    0.056711
113.000000    0.057583
113.100000    0.058475
113.200000    0.059389
113.300000    0.060324
113.400000    0.061281
113.500000    0.062261
113.600000    0.063264
113.700000    0.064292
113.800000    0.065346
113.900000    0.066425
114.000000    0.067531
114.100000    0.068665
114.200000    0.069828
114.300000    0.071020
114.400000    0.072243
114.500000    0.073498
114.600000    0.074786
114.700000    0.076108
114.800000    0.077465
114.900000    0.078858
115.000000    0.080290
115.100000    0.081760
115.200000    0.083272
115.300000    0.084825
115.400000    0.086422
115.500000    0.088065
115.600000    0.089755
115.700000    0.091493
115.800000    0.093283
115.900000    0.095125
116.000000    0.097023
116.100000    0.098977
116.200000    0.100991
116.300000    0.103066
116.400000    0.105206
116.500000    0.107414
116.600000    0.109691
116.700000    0.112041
116.800000    0.114466
116.900000    0.116972
117.000000    0.119560
117.100000    0.122234
117.200000    0.124999
117.300000    0.127858
117.400000    0.130816
117.500000    0.133878
117.600000    0.137047
117.700000    0.140330
117.800000    0.143731
117.900000    0.147257
118.000000    0.150914
118.100000    0.154708
118.200000    0.158646
118.300000    0.162735
118.400000    0.166983
118.500000    0.171399
118.600000    0.175991
118.700000    0.180769
118.800000    0.185743
118.900000    0.190923
119.000000    0.196322
119.100000    0.201951
119.200000    0.207823
119.300000    0.213954
119.400000    0.220358
119.500000    0.227051
119.600000    0.234051
119.700000    0.241376
119.800000    0.249048
119.900000    0.257088
120.000000    0.265519
120.100000    0.274368
120.200000    0.283662
120.300000    0.293430
120.400000    0.303707
120.500000    0.314526
120.600000    0.325926
120.700000    0.337949
120.800000    0.350641
120.900000    0.364052
121.000000    0.378235
121.100000    0.393251
121.200000    0.409165
121.300000    0.426048
121.400000    0.443980
121.500000    0.463048
121.600000    0.483347
121.700000    0.504983
121.800000    0.528075
121.900000    0.552753
122.000000    0.579161
122.100000    0.607461
122.200000    0.637834
122.300000    0.670480
122.400000    0.705625
122.500000    0.743523
122.600000    0.784459
122.700000    0.828753
122.800000    0.876769
122.900000    0.928918
123.000000    0.985666
123.100000    1.047542
123.200000    1.115151
123.300000    1.189181
123.400000    1.270420
123.500000    1.359768
123.600000    1.458260
123.700000    1.567081
123.800000    1.687591
123.900000    1.821348
124.000000    1.970140
124.100000    2.136005
124.200000    2.321260
124.300000    2.528517
124.400000    2.760691
124.500000    3.020976
124.600000    3.312784
124.700000    3.639617
124.800000    4.004826
124.900000    4.411221
125.000000    4.860463
125.100000    5.352169
125.200000    5.882704
125.300000    6.443680
125.400000    7.020348
125.500000    7.590327
125.600000    8.123381
125.700000    8.583134
125.800000    8.931366
125.900000    9.134620
126.000000    9.171486
126.100000    9.037929
126.200000    8.748344
126.300000    8.331865
126.400000    7.825569
126.500000    7.267305
126.600000    6.690295
126.700000    6.120357
126.800000    5.575398
126.900000    5.066347
127.000000    4.598681
127.100000    4.174011
127.200000    3.791425
127.300000    3.448517
127.400000    3.142109
127.500000    2.868726
127.600000    2.624898
127.700000    2.407324
127.800000    2.212967
127.900000    2.039084
128.000000    1.883232
128.100000    1.743257
128.200000    1.617267
128.300000    1.503609
128.400000    1.400840
128.500000    1.307704
128.600000    1.223103
128.700000    1.146083
128.800000    1.075809
128.900000    1.011552
129.000000    0.952673
129.100000    0.898611
129.200000    0.848875
129.300000    0.803031
129.400000    0.760696
129.500000    0.721532
129.600000    0.685238
129.700000    0.651549
129.800000    0.620227
129.900000    0.591061
130.000000    0.563862
130.100000    0.538461
130.200000    0.514705
130.300000    0.492459
130.400000    0.471600
130.500000    0.452016
130.600000    0.433609
130.700000    0.416285
130.800000    0.399965
130.900000    0.384572
131.000000    0.370039
131.100000    0.356304
131.200000    0.343310
131.300000    0.331006
131.400000    0.319343
131.500000    0.308280
131.600000    0.297775
131.700000    0.287793
131.800000    0.278299
131.900000    0.269263
132.000000    0.260656
132.100000    0.252451
132.200000    0.244624
132.300000    0.237153
132.400000    0.230015
132.500000    0.223193
132.600000    0.216667
132.700000    0.210421
132.800000    0.204440
132.900000    0.198708
133.000000    0.193212
133.100000    0.187939
133.200000    0.182878
133.300000    0.178018
133.400000    0.173347
133.500000    0.168857
133.600000    0.164537
133.700000    0.160381
133.800000    0.156379
133.900000    0.152525
134.000000    0.148810
134.100000    0.145229
134.200000    0.141774
134.300000    0.138441
134.400000    0.135224
134.500000    0.132117
134.600000    0.129115
134.700000    0.126214
134.800000    0.123409
134.900000    0.120696
135.000000    0.118072
135.100000    0.115531
135.200000    0.113072
135.300000    0.110690
135.400000    0.108382
135.500000    0.106145
135.600000    0.103976
135.700000    0.101874
135.800000    0.099833
135.900000    0.097854
136.000000    0.095932
136.100000    0.094067
136.200000    0.092255
136.300000    0.090495
136.400000    0.088784
136.500000    0.087122
136.600000    0.085505
136.700000    0.083933
136.800000    0.082404
136.900000    0.080916
137.000000    0.079468
137.100000    0.078058
137.200000    0.076686
137.300000    0.075349
137.400000    0.074047
137.500000    0.072778
137.600000    0.071541
137.700000    0.070336
137.800000    0.069160
137.900000    0.068014
138.000000    0.066896
138.100000    0.065805
138.200000    0.064741
138.300000    0.063702
138.400000    0.062688
138.500000    0.061698
138.600000    0.060732
138.700000    0.059787
138.800000    0.058865
138.900000    0.057963
139.000000    0.057083
139.100000    0.056222
139.200000    0.055380
139.300000    0.054557
139.400000    0.053752
139.500000    0.052965
139.600000    0.052195
139.700000    0.051442
139.800000    0.050704
139.900000    0.049983
140.000000    0.049277
140.100000    0.048585
140.200000    0.047908
140.300000    0.047245
140.400000    0.046596
140.500000    0.045960
140.600000    0.045337
140.700000    0.044726
140.800000    0.044128
140.900000    0.043542
141.000000    0.042967
141.100000    0.042403
141.200000    0.041851
141.300000    0.041309
141.400000    0.040778
141.500000    0.040256
141.600000    0.039745
141.700000    0.039243
141.800000    0.038751
141.900000    0.038268
142.000000    0.037794
142.100000    0.037329
142.200000    0.036872
142.300000    0.036424
142.400000    0.035983
142.500000    0.035551
142.600000    0.035126
142.700000    0.034709
142.800000    0.034299
142.900000    0.033897
143.000000    0.033501
143.100000    0.033113
143.200000    0.032731
143.300000    0.032355
143.400000    0.031986
143.500000    0.031624
143.600000    0.031267
143.700000    0.030917
143.800000    0.030572
143.900000    0.030233
144.000000    0.029900
144.100000    0.029572
144.200000    0.029249
144.300000    0.028932
144.400000    0.028620
144.500000    0.028313
144.600000    0.028010
144.700000    0.027713
144.800000    0.027420
144.900000    0.027132
145.000000    0.026849
145.100000    0.026569
145.200000    0.026295
145.300000    0.026024
145.400000    0.025757
145.500000    0.025495
145.600000    0.025237
145.700000    0.024982
145.800000    0.024732
145.900000    0.024485
146.000000    0.024241
146.100000    0.024002
146.200000    0.023766
146.300000    0.023533
146.400000    0.023304
146.500000    0.023078
146.600000    0.022855
146.700000    0.022636
146.800000    0.022419
146.900000    0.022206
147.000000    0.021996
147.100000    0.021789
147.200000    0.021584
147.300000    0.021383
147.400000    0.021184
147.500000    0.020988
147.600000    0.020795
147.700000    0.020605
147.800000    0.020417
147.900000    0.020231
148.000000    0.020049
148.100000    0.019868
148.200000    0.019690
148.300000    0.019515
148.400000    0.019341
148.500000    0.019170
148.600000    0.019002
148.700000    0.018835
148.800000    0.018671
148.900000    0.018509
149.000000    0.018349
149.100000    0.018191
149.200000    0.018035
149.300000    0.017881
149.400000    0.017729
149.500000    0.017578
149.600000    0.017430
149.700000    0.017284
149.800000    0.017139
149.900000    0.016997
150.000000    0.016856
150.100000    0.016717
150.200000    0.016579
150.300000    0.016443
150.400000    0.016309
150.500000    0.016177
150.600000    0.016046
150.700000    0.015917
150.800000    0.015789
150.900000    0.015663
151.000000    0.015538
151.100000    0.015415
151.200000    0.015293
151.300000    0.015173
151.400000    0.015054
151.500000    0.014936
151.600000    0.014820
151.700000    0.014705
151.800000    0.014592
151.900000    0.014480
152.000000    0.014369
152.100000    0.014259
152.200000    0.014151
152.300000    0.014044
152.400000    0.013938
152.500000    0.013833
152.600000    0.013730
152.700000    0.013627
152.800000    0.013526
152.900000    0.013426
153.000000    0.013327
153.100000    0.013229
153.200000    0.013132
153.300000    0.013036
153.400000    0.012942
153.500000    0.012848
153.600000    0.012755
153.700000    0.012663
153.800000    0.012573
153.900000    0.012483
154.000000    0.012394
154.100000    0.012306
154.200000    0.012219
154.300000    0.012133
154.400000    0.012048
154.500000    0.011964
154.600000    0.011881
154.700000    0.011798
154.800000    0.011717
154.900000    0.011636
155.000000    0.011556
155.100000    0.011477
155.200000    0.011399
155.300000    0.011321
155.400000    0.011244
155.500000    0.011168
155.600000    0.011093
155.700000    0.011019
155.800000    0.010945
155.900000    0.010872
156.000000    0.010800
156.100000    0.010729
156.200000    0.010658
156.300000    0.010588
156.400000    0.010518
156.500000    0.010450
156.600000    0.010382
156.700000    0.010314
156.800000    0.010247
156.900000    0.010181
157.000000    0.010116
157.100000    0.010051
157.200000    0.009987
157.300000    0.009923
157.400000    0.009860
157.500000    0.009798
157.600000    0.009736
157.700000    0.009675
157.800000    0.009614
157.900000    0.009554
158.000000    0.009495
158.100000    0.009436
158.200000    0.009377
158.300000    0.009319
158.400000    0.009262
158.500000    0.009205
158.600000    0.009149
158.700000    0.009093
158.800000    0.009038
158.900000    0.008983
159.000000    0.008929
159.100000    0.008875
159.200000    0.008822
159.300000    0.008769
159.400000    0.008717
159.500000    0.008665
159.600000    0.008614
159.700000    0.008563
159.800000    0.008512
159.900000    0.008462
