       300    0.026574
       310    0.028466
       320    0.049448
       330    0.035009
       340    0.038099
       350    0.042736
       360    0.047376
       370    0.049652
       380    0.054312
       390    0.058884
       400    0.077143
       410    0.069648
       420    0.075984
       430    0.080736
       440    0.088911
       450    0.094137
       460    0.104157
       470    0.107637
       480    0.165259
       490     0.12141
       500    0.131571
       510    0.141858
       520    0.155427
       530    0.158278
       540    0.169492
       550     0.17702
       560    0.226759
       570     0.20107
       580    0.217858
       590    0.232506
       600    0.254341
       610    0.252443
       620    0.270451
       630    0.279937
       640    0.826743
       650    0.315801
       660    0.328706
       670    0.344435
       680    0.361415
       690    0.374144
       700    0.398481
       710    0.417814
       720    0.561356
       730    0.453775
       740    0.490739
       750    0.496258
       760    0.542091
       770    0.556535
       780    0.586028
       790    0.603749
       800     1.09555
