      2000    0.013217
      2050    0.012244
      2100    0.013421
      2150    0.014965
      2200    0.016707
      2250    0.017911
      2300    0.022194
      2350    0.021405
      2400    0.022593
      2450    0.025375
      2500     0.02652
      2550    0.029736
      2600    0.031438
      2650    0.032836
      2700    0.036156
      2750    0.038144
      2800    0.042034
      2850    0.041866
      2900    0.044507
      2950    0.046802
      3000    0.050925
      3050    0.051502
      3100    0.053831
      3150     0.06201
      3200    0.058561
      3250    0.063759
      3300    0.063456
      3350    0.069863
      3400    0.076458
      3450    0.077227
      3500    0.076398
      3550    0.078935
      3600    0.084441
      3650    0.083976
      3700    0.087857
      3750    0.095885
      3800    0.102661
      3850    0.101141
      3900    0.108971
      3950     0.10512
      4000    0.135928
