        10    1.865765  1.695578
      1010    0.019365  0.158360
      2010    0.004167  0.111128
      3010    0.001574  0.090824
      4010    0.000894  0.078297
      5010    0.004029  0.070041
      6010    0.002084  0.063968
      7010    0.000837  0.059102
      8010    0.000603  0.055456
      9010    0.001232  0.052211
     10010    0.000644  0.049607
     11010    0.000266  0.047217
     12010    0.000441  0.045220
     13010    0.001590  0.043369
     14010    0.001146  0.041860
     15010    0.000432  0.040423
     16010    0.000277  0.039134
     17010    0.000356  0.038058
     18010    0.000414  0.036988
     19010    0.000433  0.035995
     20010    0.000346  0.035071
     21010    0.000959  0.034173
     22010    0.000727  0.033419
     23010    0.001095  0.032677
     24010    0.000201  0.031992
     25010    0.000024  0.031337
     26010    0.000259  0.030722
     27010    0.000530  0.030117
     28010    0.000605  0.029543
     29010    0.000631  0.029013
     30010    0.000524  0.028529
     31010    0.000543  0.028041
     32010    0.000217  0.027567
     33010    0.000307  0.027155
     34010    0.001034  0.026767
     35010    0.000792  0.026379
     36010    0.000483  0.026023
     37010    0.000140  0.025680
     38010    0.000020  0.025348
     39010    0.000008  0.025013
     40010    0.000272  0.024714
     41010    0.000361  0.024403
     42010    0.000810  0.024130
     43010    0.000491  0.023846
     44010    0.000206  0.023570
     45010    0.000044  0.023289
     46010    0.000314  0.023039
     47010    0.000429  0.022803
     48010    0.000350  0.022550
     49010    0.000274  0.022293
     50010    0.000197  0.022069
     51010    0.000061  0.021863
     52010    0.000219  0.021641
     53010    0.000010  0.021441
     54010    0.000250  0.021246
     55010    0.000512  0.021049
     56010    0.000330  0.020859
     57010    0.000044  0.020675
     58010    0.000072  0.020491
     59010    0.000140  0.020317
     60010    0.000070  0.020146
     61010    0.000046  0.019971
     62010    0.000142  0.019808
     63010    0.000316  0.019657
     64010    0.000256  0.019502
     65010    0.000178  0.019350
     66010    0.000105  0.019204
     67010    0.000013  0.019056
     68010    0.000058  0.018915
     69010    0.000160  0.018779
     70010    0.000118  0.018644
     71010    0.000198  0.018512
     72010    0.000234  0.018388
     73010    0.000300  0.018260
     74010    0.000130  0.018133
     75010    0.000079  0.018012
     76010    0.000253  0.017901
     77010    0.000436  0.017783
     78010    0.000202  0.017671
     79010    0.000079  0.017561
     80010    0.000059  0.017455
     81010    0.000064  0.017348
     82010    0.000004  0.017238
     83010    0.000263  0.017134
     84010    0.000317  0.017040
     85010    0.000319  0.016938
     86010    0.000185  0.016834
     87010    0.000048  0.016739
     88010    0.000194  0.016643
     89010    0.000146  0.016551
     90010    0.000250  0.016458
     91010    0.000187  0.016367
     92010    0.000108  0.016280
     93010    0.000111  0.016194
     94010    0.000024  0.016103
     95010    0.000037  0.016015
     96010    0.000231  0.015930
     97010    0.000283  0.015842
     98010    0.000228  0.015760
     99010    0.000085  0.015676
