  0.011000   0.010879   0.978096 
  0.038846   0.037352   0.924035 
  0.089762   0.081956   0.830713 
  0.162379   0.137680   0.709651 
  0.252081   0.195066   0.578030 
  0.354517   0.247175   0.449162 
  0.467083   0.290459   0.330356 
  0.589070   0.323654   0.224545 
  0.721395   0.346565   0.132378 
  0.866322   0.359280   0.053684 
  1.027331   0.361805  -0.011742 
  1.209239   0.353971  -0.063825 
  1.418718   0.335481  -0.102188 
  1.665488   0.306025  -0.126264 
  1.964877   0.265397  -0.135467 
  2.343794   0.213626  -0.129436 
  2.856395   0.151246  -0.108572 
  3.608317   0.082203  -0.077351 
  4.576309   0.024292  -0.055423 
  5.000000   0.002026  -0.052355 

 
 
 
 
