  0.011000   0.010879   0.978097 
  0.037938   0.036513   0.925786 
  0.086143   0.078947   0.837206 
  0.154001   0.131720   0.723159 
  0.237160   0.186398   0.599045 
  0.331594   0.236791   0.476756 
  0.434824   0.279660   0.362933 
  0.545992   0.313788   0.260362 
  0.665595   0.338953   0.169740 
  0.795225   0.355250   0.090932 
  0.937420   0.362742   0.023674 
  1.095673   0.361344  -0.032094 
  1.274675   0.350827  -0.076149 
  1.480910   0.330884  -0.108024 
  1.723881   0.301223  -0.127107 
  2.018671   0.261669  -0.132756 
  2.391801   0.212320  -0.124445 
  2.895607   0.154064  -0.102157 
  3.615707   0.092893  -0.069504 
  4.513583   0.047256  -0.041315 
  5.536386   0.018788  -0.025202 
  6.500000   0.000083  -0.020920 

 
 
 
 
