  0.011000   0.010879   0.978097 
  0.038833   0.037341   0.924065 
  0.089710   0.081914   0.830837 
  0.162258   0.137599   0.709938 
  0.251871   0.194963   0.578526 
  0.354212   0.247086   0.449893 
  0.466686   0.290430   0.331329 
  0.588593   0.323737   0.225764 
  0.720854   0.346815   0.133849 
  0.865739   0.359758   0.055418 
  1.026733   0.362584  -0.009724 
  1.208663   0.355143  -0.061492 
  1.418222   0.337172  -0.099491 
  1.665159   0.308415  -0.123123 
  1.964843   0.268770  -0.131746 
  2.344172   0.218501  -0.124864 
  2.856565   0.158810  -0.102541 
  3.598863   0.095932  -0.068205 
  4.544762   0.050599  -0.037397 
  5.000000   0.036525  -0.026215 

 
 
 
 
