  0.011000   0.010879   0.978097 
  0.037246   0.035873   0.927116 
  0.083429   0.076673   0.842079 
  0.147774   0.127211   0.733251 
  0.226134   0.179774   0.614768 
  0.314730   0.228707   0.497502 
  0.411193   0.271001   0.387597 
  0.514594   0.305484   0.287713 
  0.625183   0.331912   0.198576 
  0.744144   0.350374   0.120085 
  0.873442   0.360963   0.051956 
  1.015790   0.363647  -0.005959 
  1.174767   0.358255  -0.053560 
  1.355159   0.344507  -0.090507 
  1.563653   0.322086  -0.116276 
  1.810215   0.290700  -0.130240 
  2.110958   0.250173  -0.131752 
  2.494743   0.200606  -0.120266 
  3.018068   0.143158  -0.095839 
  3.747190   0.086176  -0.063464 
  4.620297   0.046131  -0.036738 
  5.605918   0.022665  -0.019876 
  6.761303   0.009455  -0.011114 
  8.000000   0.000806  -0.008788 

 
 
 
 
