      -9.9         -1         -1         -1
     -9.65         -1         -1         -1
      -9.4         -1         -1         -1
     -9.15         -1         -1         -1
      -8.9         -1         -1         -1
     -8.65         -1         -1         -1
      -8.4         -1         -1         -1
     -8.15         -1         -1         -1
      -7.9         -1         -1         -1
     -7.65         -1         -1         -1
      -7.4         -1         -1         -1
     -7.15         -1         -1         -1
      -6.9         -1         -1         -1
     -6.65         -1         -1         -1
      -6.4         -1         -1         -1
     -6.15         -1         -1         -1
      -5.9         -1         -1         -1
     -5.65         -1         -1         -1
      -5.4         -1         -1         -1
     -5.15         -1         -1         -1
      -4.9         -1         -1         -1
     -4.65         -1         -1         -1
      -4.4         -1         -1         -1
     -4.15         -1         -1         -1
      -3.9         -1         -1         -1
     -3.65         -1         -1         -1
      -3.4  -0.999998  -0.999998  -0.999998
     -3.15  -0.999992  -0.999992  -0.999992
      -2.9  -0.999959  -0.999959  -0.999959
     -2.65  -0.999821  -0.999822  -0.999822
      -2.4  -0.999311  -0.999311  -0.999311
     -2.15  -0.997638  -0.997639  -0.997639
      -1.9   -0.99279   -0.99279   -0.99279
     -1.65  -0.980376  -0.980376  -0.980376
      -1.4  -0.952285  -0.952285  -0.952285
     -1.15  -0.896124  -0.896124  -0.896124
      -0.9  -0.796908  -0.796908  -0.796908
     -0.65  -0.642029  -0.642029  -0.642029
      -0.4  -0.428392  -0.428392  -0.428392
     -0.15  -0.167996  -0.167996  -0.167996
       0.1   0.112463   0.112463   0.112463
      0.35   0.379382   0.379382   0.379382
       0.6   0.603856   0.603856   0.603856
      0.85   0.770668   0.770668   0.770668
       1.1   0.880205   0.880205   0.880205
      1.35   0.943762   0.943762   0.943762
       1.6   0.976348   0.976348   0.976348
      1.85   0.991111   0.991111   0.991111
       2.1    0.99702   0.997021   0.997021
      2.35   0.999111   0.999111   0.999111
       2.6   0.999764   0.999764   0.999764
      2.85   0.999944   0.999944   0.999944
       3.1   0.999988   0.999988   0.999988
      3.35   0.999998   0.999998   0.999998
       3.6          1          1          1
      3.85          1          1          1
       4.1          1          1          1
      4.35          1          1          1
       4.6          1          1          1
      4.85          1          1          1
       5.1          1          1          1
      5.35          1          1          1
       5.6          1          1          1
      5.85          1          1          1
       6.1          1          1          1
      6.35          1          1          1
       6.6          1          1          1
      6.85          1          1          1
       7.1          1          1          1
      7.35          1          1          1
       7.6          1          1          1
      7.85          1          1          1
       8.1          1          1          1
      8.35          1          1          1
       8.6          1          1          1
      8.85          1          1          1
       9.1          1          1          1
      9.35          1          1          1
       9.6          1          1          1
      9.85          1          1          1
