         0   0.999642
       0.1   0.994747
       0.2   0.980063
       0.3   0.955588
       0.4   0.921323
       0.5   0.877269
       0.6   0.824623
       0.7   0.764584
       0.8   0.697152
       0.9   0.622327
         1   0.540109
       1.1   0.452602
       1.2   0.361908
       1.3   0.268029
       1.4   0.170963
       1.5  0.0707119
       1.6 -0.0302321
       1.7  -0.129375
       1.8  -0.226717
       1.9  -0.322258
         2  -0.415998
       2.1  -0.505664
       2.2  -0.588983
       2.3  -0.665955
       2.4  -0.736579
       2.5  -0.800857
       2.6  -0.857292
       2.7  -0.904387
       2.8  -0.942143
       2.9   -0.97056
         3  -0.989638
       3.1  -0.999024
       3.2  -0.998366
       3.3  -0.987662
       3.4  -0.966914
       3.5  -0.936122
       3.6  -0.896161
       3.7   -0.84791
       3.8  -0.791367
       3.9  -0.726534
         4   -0.65341
       4.1  -0.573886
       4.2  -0.489856
       4.3  -0.401318
       4.4  -0.308273
       4.5   -0.21072
       4.6  -0.111104
       4.7 -0.0118682
       4.8  0.0869881
       4.9   0.185464
         5   0.283561
       5.1    0.37888
       5.2   0.469025
       5.3   0.553996
       5.4   0.633793
       5.5   0.708416
       5.6   0.776101
       5.7   0.835085
       5.8   0.885367
       5.9   0.926948
         6   0.959828
       6.1   0.983307
       6.2   0.996688
       6.3   0.999969
       6.4   0.993151
       6.5   0.976234
       6.6   0.949757
       6.7    0.91426
       6.8   0.869743
       6.9   0.816206
         7   0.753648
       7.1   0.683706
       7.2   0.608015
       7.3   0.526577
       7.4    0.43939
       7.5   0.346454
       7.6   0.250139
       7.7   0.152812
       7.8  0.0544747
       7.9 -0.0448745
         8  -0.145235
       8.1  -0.244222
       8.2  -0.339451
       8.3  -0.430923
       8.4  -0.518636
       8.5  -0.602592
       8.6  -0.680463
       8.7  -0.749923
       8.8  -0.810972
       8.9   -0.86361
         9  -0.907837
       9.1  -0.943856
       9.2  -0.971871
       9.3  -0.991882
       9.4   -1.00389
       9.5   -1.00789
