         0          0
       0.1 0.00499413
       0.2  0.0199276
       0.3  0.0446535
       0.4  0.0789271
       0.5   0.122406
       0.6    0.17465
       0.7   0.235134
       0.8   0.303258
       0.9   0.378348
         1   0.459654
       1.1   0.546357
       1.2   0.637584
       1.3   0.732427
       1.4   0.829947
       1.5   0.929175
       1.6    1.02911
       1.7    1.12874
       1.8    1.22708
       1.9    1.32316
         2    1.41601
       2.1    1.50471
       2.2    1.58836
       2.3    1.66612
       2.4    1.73723
       2.5    1.80097
       2.6    1.85672
       2.7     1.9039
       2.8    1.94204
       2.9    1.97077
         3     1.9898
       3.1    1.99895
       3.2    1.99811
       3.3     1.9873
       3.4    1.96662
       3.5    1.93627
       3.6    1.89658
       3.7    1.84793
       3.8     1.7908
       3.9    1.72577
         4    1.65349
       4.1    1.57467
       4.2    1.49012
       4.3    1.40067
       4.4    1.30722
       4.5    1.21068
       4.6    1.11204
       4.7    1.01229
       4.8   0.912418
       4.9   0.813417
         5    0.71627
       5.1   0.621956
       5.2   0.531427
       5.3   0.445584
       5.4   0.365277
       5.5   0.291303
       5.6   0.224407
       5.7   0.165265
       5.8   0.114467
       5.9  0.0725154
         6  0.0398259
       6.1  0.0167268
       6.2 0.00345244
       6.3 0.000136488
       6.4 0.00681182
       6.5  0.0234102
       6.6   0.049763
       6.7  0.0856059
       6.8   0.130584
       6.9   0.184252
         7   0.246074
       7.1   0.315427
       7.2   0.391612
       7.3   0.473872
       7.4   0.561394
       7.5   0.653304
       7.6   0.748676
       7.7   0.846549
       7.8   0.945949
       7.9    1.04589
         8    1.14539
       8.1    1.24343
       8.2    1.33903
       8.3    1.43125
       8.4    1.51915
       8.5    1.60188
       8.6    1.67858
       8.7    1.74848
       8.8     1.8109
       8.9    1.86521
         9    1.91089
       9.1     1.9475
       9.2    1.97467
       9.3    1.99214
       9.4    1.99969
       9.5    1.99721
