         0   0.968139
       0.1   0.964424
       0.2   0.960709
       0.3   0.956993
       0.4   0.953278
       0.5   0.949563
       0.6   0.859374
       0.7   0.769185
       0.8   0.678996
       0.9   0.588808
         1   0.498619
       1.1   0.423991
       1.2   0.349362
       1.3   0.274734
       1.4   0.200105
       1.5   0.125477
       1.6 0.00472821
       1.7  -0.116021
       1.8   -0.23677
       1.9  -0.357518
         2  -0.478267
       2.1  -0.535621
       2.2  -0.592974
       2.3  -0.650327
       2.4  -0.707681
       2.5  -0.765034
       2.6  -0.824902
       2.7   -0.88477
       2.8  -0.944638
       2.9   -1.00451
         3   -1.06437
       3.1   -1.03215
       3.2   -0.99992
       3.3  -0.967693
       3.4  -0.935466
       3.5  -0.903238
       3.6  -0.866758
       3.7  -0.830278
       3.8  -0.793799
       3.9  -0.757319
         4  -0.720839
       4.1  -0.609085
       4.2  -0.497332
       4.3  -0.385579
       4.4  -0.273825
       4.5  -0.162072
       4.6 -0.0823583
       4.7 -0.00264497
       4.8  0.0770683
       4.9   0.156782
         5   0.236495
       5.1   0.344604
       5.2   0.452713
       5.3   0.560822
       5.4   0.668932
       5.5   0.777041
       5.6   0.807124
       5.7   0.837208
       5.8   0.867291
       5.9   0.897375
         6   0.927458
       6.1   0.952103
       6.2   0.976748
       6.3    1.00139
       6.4    1.02604
       6.5    1.05068
       6.6   0.983903
       6.7   0.917123
       6.8   0.850343
       6.9   0.783563
         7   0.716783
       7.1    0.65488
       7.2   0.592978
       7.3   0.531076
       7.4   0.469173
       7.5   0.407271
       7.6   0.285449
       7.7   0.163627
       7.8  0.0418057
       7.9 -0.0800158
         8  -0.201837
       8.1  -0.273799
       8.2  -0.345761
       8.3  -0.417723
       8.4  -0.489685
       8.5  -0.561647
       8.6  -0.646083
       8.7  -0.730519
       8.8  -0.814955
       8.9  -0.899391
         9  -0.983827
       9.1  -0.980112
       9.2  -0.976397
       9.3  -0.972682
       9.4  -0.968966
       9.5  -0.965251
