Before diag is done:
 A=
      0.22      0.55      0.24         1      0.44
      0.55      0.57      0.27      0.43      0.55
      0.24      0.27      0.42       0.9      0.79
         1      0.43       0.9      0.23      0.23
      0.44      0.55      0.79      0.23      0.67


V=
         1         0         0         0         0
         0         1         0         0         0
         0         0         1         0         0
         0         0         0         1         0
         0         0         0         0         1


diagonlisation is done:
D=
      -1.1  -3.3e-24  -3.6e-10  -4.8e-13  -6.6e-16
   8.1e-17     -0.23  -5.8e-12   6.1e-17  -8.4e-23
  -3.6e-10  -5.8e-12      0.35         0  -2.2e-09
  -4.8e-13   1.4e-16     7e-18      0.47  -9.2e-12
  -4.7e-16   1.9e-17  -2.2e-09  -9.2e-12       2.6


V=
      0.52      0.56     0.067      0.48      0.43
     0.011     -0.51      0.75      0.12      0.41
      0.46     -0.46     -0.52      -0.3      0.46
     -0.68    -0.065     -0.36      0.43      0.48
     -0.25      0.46      0.18     -0.69      0.46


V^T A V=
      -1.1  -1.7e-17  -3.6e-10  -4.8e-13  -6.1e-16
   5.6e-17     -0.23  -5.8e-12   1.4e-16         0
  -3.6e-10  -5.8e-12      0.35  -3.5e-17  -2.2e-09
  -4.8e-13   2.1e-16   5.6e-17      0.47  -9.2e-12
  -5.8e-16  -7.6e-17  -2.2e-09  -9.2e-12       2.6


V D V^T=
      0.22      0.55      0.24         1      0.44
      0.55      0.57      0.27      0.43      0.55
      0.24      0.27      0.42       0.9      0.79
         1      0.43       0.9      0.23      0.23
      0.44      0.55      0.79      0.23      0.67


V^T V=
         1   4.2e-17  -2.8e-17  -1.9e-16  -1.8e-16
   4.2e-17         1   1.4e-17   5.6e-17  -8.3e-17
  -2.8e-17   1.4e-17         1  -1.1e-16  -2.2e-16
  -1.9e-16   5.6e-17  -1.1e-16         1  -5.6e-17
  -1.8e-16  -8.3e-17  -2.2e-16  -5.6e-17         1


BEGIN INFINITE WELL PART:
Before diag:
 H=
     8e+02    -4e+02         0         0         0         0         0         0         0         0         0         0         0         0         0         0         0         0         0         0
    -4e+02     8e+02    -4e+02         0         0         0         0         0         0         0         0         0         0         0         0         0         0         0         0         0
         0    -4e+02     8e+02    -4e+02         0         0         0         0         0         0         0         0         0         0         0         0         0         0         0         0
         0         0    -4e+02     8e+02    -4e+02         0         0         0         0         0         0         0         0         0         0         0         0         0         0         0
         0         0         0    -4e+02     8e+02    -4e+02         0         0         0         0         0         0         0         0         0         0         0         0         0         0
         0         0         0         0    -4e+02     8e+02    -4e+02         0         0         0         0         0         0         0         0         0         0         0         0         0
         0         0         0         0         0    -4e+02     8e+02    -4e+02         0         0         0         0         0         0         0         0         0         0         0         0
         0         0         0         0         0         0    -4e+02     8e+02    -4e+02         0         0         0         0         0         0         0         0         0         0         0
         0         0         0         0         0         0         0    -4e+02     8e+02    -4e+02         0         0         0         0         0         0         0         0         0         0
         0         0         0         0         0         0         0         0    -4e+02     8e+02    -4e+02         0         0         0         0         0         0         0         0         0
         0         0         0         0         0         0         0         0         0    -4e+02     8e+02    -4e+02         0         0         0         0         0         0         0         0
         0         0         0         0         0         0         0         0         0         0    -4e+02     8e+02    -4e+02         0         0         0         0         0         0         0
         0         0         0         0         0         0         0         0         0         0         0    -4e+02     8e+02    -4e+02         0         0         0         0         0         0
         0         0         0         0         0         0         0         0         0         0         0         0    -4e+02     8e+02    -4e+02         0         0         0         0         0
         0         0         0         0         0         0         0         0         0         0         0         0         0    -4e+02     8e+02    -4e+02         0         0         0         0
         0         0         0         0         0         0         0         0         0         0         0         0         0         0    -4e+02     8e+02    -4e+02         0         0         0
         0         0         0         0         0         0         0         0         0         0         0         0         0         0         0    -4e+02     8e+02    -4e+02         0         0
         0         0         0         0         0         0         0         0         0         0         0         0         0         0         0         0    -4e+02     8e+02    -4e+02         0
         0         0         0         0         0         0         0         0         0         0         0         0         0         0         0         0         0    -4e+02     8e+02    -4e+02
         0         0         0         0         0         0         0         0         0         0         0         0         0         0         0         0         0         0    -4e+02     8e+02


States=
         1         0         0         0         0         0         0         0         0         0         0         0         0         0         0         0         0         0         0         0
         0         1         0         0         0         0         0         0         0         0         0         0         0         0         0         0         0         0         0         0
         0         0         1         0         0         0         0         0         0         0         0         0         0         0         0         0         0         0         0         0
         0         0         0         1         0         0         0         0         0         0         0         0         0         0         0         0         0         0         0         0
         0         0         0         0         1         0         0         0         0         0         0         0         0         0         0         0         0         0         0         0
         0         0         0         0         0         1         0         0         0         0         0         0         0         0         0         0         0         0         0         0
         0         0         0         0         0         0         1         0         0         0         0         0         0         0         0         0         0         0         0         0
         0         0         0         0         0         0         0         1         0         0         0         0         0         0         0         0         0         0         0         0
         0         0         0         0         0         0         0         0         1         0         0         0         0         0         0         0         0         0         0         0
         0         0         0         0         0         0         0         0         0         1         0         0         0         0         0         0         0         0         0         0
         0         0         0         0         0         0         0         0         0         0         1         0         0         0         0         0         0         0         0         0
         0         0         0         0         0         0         0         0         0         0         0         1         0         0         0         0         0         0         0         0
         0         0         0         0         0         0         0         0         0         0         0         0         1         0         0         0         0         0         0         0
         0         0         0         0         0         0         0         0         0         0         0         0         0         1         0         0         0         0         0         0
         0         0         0         0         0         0         0         0         0         0         0         0         0         0         1         0         0         0         0         0
         0         0         0         0         0         0         0         0         0         0         0         0         0         0         0         1         0         0         0         0
         0         0         0         0         0         0         0         0         0         0         0         0         0         0         0         0         1         0         0         0
         0         0         0         0         0         0         0         0         0         0         0         0         0         0         0         0         0         1         0         0
         0         0         0         0         0         0         0         0         0         0         0         0         0         0         0         0         0         0         1         0
         0         0         0         0         0         0         0         0         0         0         0         0         0         0         0         0         0         0         0         1


After diag:
 H=
       8.9     8e-15   2.5e-07   6.5e-09  -2.7e-09   6.2e-10   3.1e-11   6.7e-13  -4.1e-13   1.7e-15  -3.9e-14  -4.3e-07   2.1e-07  -7.6e-08   3.7e-08  -1.9e-08   1.2e-08  -7.2e-09  -4.3e-09   1.9e-09
   5.2e-15        36         0   1.1e-08   2.6e-10    -1e-10  -1.8e-11  -6.4e-12  -3.3e-13  -3.1e-07   6.3e-07   4.9e-07  -4.8e-07   3.3e-07  -1.9e-07   1.1e-07  -5.8e-08   3.5e-08   1.9e-08  -8.7e-09
   2.5e-07   1.9e-14        79  -9.2e-08   3.1e-08  -1.2e-08  -9.8e-10  -7.7e-11  -8.6e-12  -4.5e-13   1.4e-13  -1.3e-06  -2.1e-07   4.3e-07  -2.7e-07   1.7e-07  -7.2e-08   4.1e-08     2e-08  -9.6e-09
   6.5e-09   1.1e-08  -9.2e-08   1.4e+02   7.3e-08  -2.2e-08  -1.6e-09  -5.6e-11  -5.7e-12   1.5e-13  -2.7e-13   2.3e-06  -7.9e-07   1.8e-08   4.9e-08  -4.1e-08   1.8e-08  -1.1e-08  -4.9e-09   2.5e-09
  -2.7e-09   2.6e-10   3.1e-08   7.3e-08   2.1e+02  -1.8e-09  -6.3e-10  -1.1e-10  -1.7e-11  -8.6e-13   4.5e-14  -1.4e-15   1.7e-07   9.6e-09  -1.1e-08   8.1e-09  -3.5e-09   2.2e-09   9.9e-10  -5.1e-10
   6.2e-10    -1e-10  -1.2e-08  -2.2e-08  -1.8e-09     3e+02  -7.1e-09  -3.4e-10  -3.8e-11  -1.2e-12   1.5e-13  -1.2e-06  -2.5e-07   1.2e-08   1.5e-08  -1.2e-08     5e-09    -3e-09  -1.3e-09     7e-10
   3.1e-11  -1.8e-11  -9.8e-10  -1.6e-09  -6.3e-10  -7.1e-09     4e+02  -3.7e-10  -3.1e-11  -7.8e-13   9.5e-14    -8e-07  -1.2e-07   1.2e-08   2.4e-09  -2.5e-09     1e-09  -6.1e-10  -2.6e-10   1.4e-10
   6.4e-13  -6.4e-12  -7.7e-11  -5.6e-11  -1.1e-10  -3.4e-10  -3.7e-10   5.1e+02  -4.8e-11  -1.1e-12   1.2e-13  -9.7e-07  -4.5e-08   8.7e-09     4e-11  -5.4e-10     2e-10  -1.2e-10  -4.5e-11   2.5e-11
    -4e-13  -2.8e-13  -8.6e-12  -5.8e-12  -1.7e-11  -3.8e-11  -3.1e-11  -4.8e-11   6.2e+02  -6.9e-12   1.7e-13  -9.4e-16   1.1e-07   6.4e-09    -4e-10    -2e-10   6.9e-11  -3.9e-11  -1.4e-11   8.2e-12
     3e-14  -3.1e-07    -4e-13     2e-13  -7.8e-13  -1.2e-12  -7.5e-13  -1.2e-12  -6.8e-12   7.4e+02   1.7e-13    -7e-16   8.6e-08     2e-09  -2.3e-10  -2.8e-11   9.9e-12  -4.8e-12  -1.4e-12   8.4e-13
  -6.7e-14   6.3e-07     1e-13  -2.5e-13   1.7e-13   2.2e-13     7e-14   2.3e-13  -2.5e-14   1.2e-13   8.6e+02   4.3e-15  -5.2e-07   4.4e-09   2.4e-10   2.3e-12  -1.7e-12   7.3e-13   1.8e-13    -1e-13
  -4.3e-07   4.9e-07  -1.3e-06   2.3e-06  -2.3e-14  -1.2e-06    -8e-07  -9.7e-07   4.3e-14   1.2e-13  -5.7e-15   9.8e+02         0  -1.3e-08  -4.9e-11     4e-13   4.3e-14  -1.3e-14   1.8e-14  -6.9e-15
   2.1e-07  -4.8e-07  -2.1e-07  -7.9e-07   1.7e-07  -2.5e-07  -1.2e-07  -4.5e-08   1.1e-07   8.6e-08  -5.2e-07  -1.1e-13   1.1e+03   3.6e-08  -8.8e-11  -2.9e-14   3.7e-17  -1.1e-22  -2.2e-06   8.4e-07
  -7.6e-08   3.3e-07   4.3e-07   1.8e-08   9.6e-09   1.2e-08   1.2e-08   8.7e-09   6.4e-09     2e-09   4.4e-09  -1.3e-08   3.6e-08   1.2e+03   1.9e-10   4.5e-16  -3.3e-06     8e-07   3.6e-07  -1.1e-07
   3.7e-08  -1.9e-07  -2.7e-07   4.9e-08  -1.1e-08   1.5e-08   2.4e-09     4e-11    -4e-10  -2.3e-10   2.4e-10  -4.9e-11  -8.8e-11   1.9e-10   1.3e+03  -4.3e-19   1.1e-06  -1.2e-07  -5.2e-08   1.2e-08
  -1.9e-08   1.1e-07   1.7e-07  -4.1e-08   8.1e-09  -1.2e-08  -2.5e-09  -5.4e-10    -2e-10  -2.7e-11   2.4e-12   4.8e-13  -1.1e-13   8.7e-14   4.4e-14   1.4e+03  -7.8e-08     2e-08     1e-08  -9.8e-09
   1.2e-08  -5.8e-08  -7.2e-08   1.8e-08  -3.5e-09     5e-09     1e-09     2e-10   6.9e-11   9.8e-12  -1.8e-12   7.4e-14  -1.1e-14  -3.3e-06   1.1e-06  -7.8e-08   1.5e+03   2.6e-09   1.6e-09   4.4e-09
  -7.2e-09   3.5e-08   4.1e-08  -1.1e-08   2.2e-09    -3e-09  -6.1e-10  -1.2e-10  -3.9e-11  -4.9e-12   7.5e-13     3e-14   1.3e-13     8e-07  -1.2e-07     2e-08   2.6e-09   1.5e+03  -7.7e-09  -2.6e-09
  -4.3e-09   1.9e-08     2e-08  -4.9e-09   9.9e-10  -1.3e-09  -2.6e-10  -4.5e-11  -1.4e-11  -1.3e-12   2.1e-13  -4.4e-14  -2.2e-06   3.6e-07  -5.2e-08     1e-08   1.6e-09  -7.7e-09   1.6e+03  -1.2e-09
   1.9e-09  -8.7e-09  -9.6e-09   2.5e-09  -5.1e-10     7e-10   1.4e-10   2.5e-11   8.1e-12     8e-13  -1.4e-13   3.2e-14   8.4e-07  -1.1e-07   1.2e-08  -9.8e-09   4.4e-09  -2.6e-09  -1.2e-09   1.6e+03


States=
     0.046    -0.091      0.13     -0.17      0.21     -0.24      0.27      0.29       0.3      0.31     -0.31       0.3     -0.29      0.27     -0.24      0.21     -0.17      0.13     0.091    -0.046
     0.091     -0.17      0.24     -0.29      0.31      -0.3      0.27      0.21      0.13     0.046     0.046     -0.13      0.21     -0.27       0.3     -0.31      0.29     -0.24     -0.17     0.091
      0.13     -0.24       0.3      -0.3      0.24     -0.13     3e-10     -0.13     -0.24      -0.3       0.3     -0.24      0.13   4.7e-09     -0.13      0.24      -0.3       0.3      0.24     -0.13
      0.17     -0.29       0.3     -0.21     0.046      0.13     -0.27     -0.31     -0.24    -0.091    -0.091      0.24     -0.31      0.27     -0.13    -0.046      0.21      -0.3     -0.29      0.17
      0.21     -0.31      0.24    -0.046     -0.17       0.3     -0.27    -0.091      0.13      0.29     -0.29      0.13     0.091     -0.27       0.3     -0.17    -0.046      0.24      0.31     -0.21
      0.24      -0.3      0.13      0.13      -0.3      0.24   3.9e-10      0.24       0.3      0.13      0.13      -0.3      0.24   9.2e-10     -0.24       0.3     -0.13     -0.13      -0.3      0.24
      0.27     -0.27  -1.3e-09      0.27     -0.27     1e-10      0.27      0.27  -6.2e-11     -0.27      0.27   4.4e-10     -0.27      0.27   1.7e-09     -0.27      0.27  -6.6e-10      0.27     -0.27
      0.29     -0.21     -0.13      0.31    -0.091     -0.24      0.27    -0.046      -0.3     -0.17     -0.17       0.3    -0.046     -0.27      0.24     0.091     -0.31      0.13     -0.21      0.29
       0.3     -0.13     -0.24      0.24      0.13      -0.3   1.1e-10      -0.3     -0.13      0.24     -0.24     -0.13       0.3  -3.4e-09      -0.3      0.13      0.24     -0.24      0.13      -0.3
      0.31    -0.046      -0.3     0.091      0.29     -0.13     -0.27     -0.17      0.24      0.21      0.21     -0.24     -0.17      0.27      0.13     -0.29    -0.091       0.3    -0.046      0.31
      0.31     0.046      -0.3    -0.091      0.29      0.13     -0.27      0.17      0.24     -0.21      0.21      0.24     -0.17     -0.27      0.13      0.29    -0.091      -0.3    -0.046     -0.31
       0.3      0.13     -0.24     -0.24      0.13       0.3  -2.2e-10       0.3     -0.13     -0.24     -0.24      0.13       0.3  -2.4e-09      -0.3     -0.13      0.24      0.24      0.13       0.3
      0.29      0.21     -0.13     -0.31    -0.091      0.24      0.27     0.046      -0.3      0.17     -0.17      -0.3    -0.046      0.27      0.24    -0.091     -0.31     -0.13     -0.21     -0.29
      0.27      0.27  -6.2e-10     -0.27     -0.27   1.6e-11      0.27     -0.27  -6.8e-11      0.27      0.27   5.4e-10     -0.27     -0.27   1.8e-09      0.27      0.27   5.5e-10      0.27      0.27
      0.24       0.3      0.13     -0.13      -0.3     -0.24  -4.7e-10     -0.24       0.3     -0.13      0.13       0.3      0.24   1.6e-09     -0.24      -0.3     -0.13      0.13      -0.3     -0.24
      0.21      0.31      0.24     0.046     -0.17      -0.3     -0.27     0.091      0.13     -0.29     -0.29     -0.13     0.091      0.27       0.3      0.17    -0.046     -0.24      0.31      0.21
      0.17      0.29       0.3      0.21     0.046     -0.13     -0.27      0.31     -0.24     0.091    -0.091     -0.24     -0.31     -0.27     -0.13     0.046      0.21       0.3     -0.29     -0.17
      0.13      0.24       0.3       0.3      0.24      0.13  -3.4e-10      0.13     -0.24       0.3       0.3      0.24      0.13     3e-09     -0.13     -0.24      -0.3      -0.3      0.24      0.13
     0.091      0.17      0.24      0.29      0.31       0.3      0.27     -0.21      0.13    -0.046     0.046      0.13      0.21      0.27       0.3      0.31      0.29      0.24     -0.17    -0.091
     0.046     0.091      0.13      0.17      0.21      0.24      0.27     -0.29       0.3     -0.31     -0.31      -0.3     -0.29     -0.27     -0.24     -0.21     -0.17     -0.13     0.091     0.046


Energies:
Nummerical   Exact
   8.93534     9.8696
   35.5418    39.4784
   79.2249    88.8264
   139.009    157.914
   213.559     246.74
   301.208    355.306
       400    483.611
   507.727    631.655
   621.983    799.438
   740.216     986.96
   859.784    1194.22
   978.017    1421.22
   1092.27    1667.96
      1200    1934.44
   1298.79    2220.66
   1386.44    2526.62
   1460.99    2852.32
   1520.78    3197.75
   1564.46    3562.93
   1591.06    3947.84
BEGIN PART C ON TIMING
