  0.011000   0.010879   0.978097 
  0.037936   0.036512   0.925788 
  0.086138   0.078943   0.837218 
  0.153991   0.131713   0.723184 
  0.237141   0.186388   0.599089 
  0.331567   0.236782   0.476820 
  0.434789   0.279655   0.363018 
  0.545950   0.313792   0.260468 
  0.665547   0.338970   0.169868 
  0.795172   0.355284   0.091082 
  0.937365   0.362799   0.023848 
  1.095619   0.361431  -0.031894 
  1.274626   0.350951  -0.075919 
  1.480871   0.331058  -0.107760 
  1.723861   0.301464  -0.126801 
  2.018681   0.262004  -0.132394 
  2.391848   0.212799  -0.124001 
  2.895600   0.154803  -0.101574 
  3.614686   0.094210  -0.068633 
  4.510505   0.049678  -0.039669 
  5.530497   0.023643  -0.021548 
  6.500000   0.009865  -0.012985 

 
 
 
 
