  0.011000   0.010879   0.978097 
  0.037246   0.035873   0.927116 
  0.083428   0.076673   0.842080 
  0.147774   0.127211   0.733253 
  0.226133   0.179774   0.614771 
  0.314729   0.228706   0.497506 
  0.411191   0.271001   0.387602 
  0.514592   0.305484   0.287719 
  0.625180   0.331913   0.198583 
  0.744141   0.350376   0.120093 
  0.873439   0.360966   0.051966 
  1.015787   0.363652  -0.005947 
  1.174764   0.358261  -0.053547 
  1.355156   0.344516  -0.090492 
  1.563651   0.322098  -0.116259 
  1.810215   0.290716  -0.130220 
  2.110960   0.250196  -0.131728 
  2.494747   0.200639  -0.120237 
  3.018063   0.143209  -0.095800 
  3.747103   0.086266  -0.063405 
  4.620078   0.046294  -0.036627 
  5.605514   0.022984  -0.019635 
  6.760517   0.010191  -0.010514 
  8.000000   0.002685  -0.007185 

 
 
 
 
