 0.0666667   0.0333148
  0.166667   0.0830443
  0.266667    0.132152
  0.366667     0.18027
  0.466667    0.227039
  0.566667    0.272112
  0.666667    0.315155
  0.766667     0.35585
  0.866667    0.393902
  0.966667    0.429033
   1.06667    0.460993
   1.16667    0.489557
   1.26667    0.514528
   1.36667    0.535738
   1.46667    0.553051
   1.56667    0.566362
   1.66667    0.575599
   1.76667    0.580724
   1.86667    0.581732
   1.96667    0.578651
   2.06667    0.571542
   2.16667    0.560498
   2.26667    0.545644
   2.36667    0.527136
   2.46667    0.505156
   2.56667    0.479916
   2.66667    0.451651
   2.76667     0.42062
   2.86667    0.387102
   2.96667    0.351394
   3.06667     0.31381
   3.16667    0.274675
   3.26667    0.234325
   3.36667    0.193101
   3.46667    0.151351
   3.56667    0.109422
   3.66667    0.067659
   3.76667   0.0264027
   3.86667  -0.0140142
   3.96667  -0.0532699
   4.06667  -0.0910557
   4.16667   -0.127079
   4.26667   -0.161065
   4.36667    -0.19276
   4.46667   -0.221933
   4.56667   -0.248377
   4.66667    -0.27191
   4.76667    -0.29238
   4.86667   -0.309661
   4.96667   -0.323656
   5.06667   -0.334301
   5.16667   -0.341558
   5.26667   -0.345423
   5.36667   -0.345919
   5.46667   -0.343101
   5.56667    -0.33705
   5.66667   -0.327876
   5.76667   -0.315717
   5.86667   -0.300733
   5.96667    -0.28311
   6.06667   -0.263053
   6.16667   -0.240788
   6.26667   -0.216557
   6.36667   -0.190617
   6.46667   -0.163239
   6.56667   -0.134701
   6.66667    -0.10529
   6.76667  -0.0752957
   6.86667  -0.0450111
   6.96667  -0.0147273
   7.06667   0.0152679
   7.16667   0.0446931
   7.26667   0.0732757
   7.36667    0.100754
   7.46667    0.126881
   7.56667    0.151423
   7.66667    0.174166
   7.76667    0.194915
   7.86667    0.213495
   7.96667    0.229755
   8.06667    0.243567
   8.16667    0.254827
   8.26667    0.263457
   8.36667    0.269405
   8.46667    0.272645
   8.56667    0.273176
   8.66667    0.271024
   8.76667    0.266241
   8.86667    0.258901
   8.96667    0.249103
   9.06667     0.23697
   9.16667    0.222644
   9.26667    0.206287
   9.36667    0.188079
   9.46667    0.168217
   9.56667     0.14691
   9.66667     0.12438
   9.76667     0.10086
   9.86667   0.0765862
   9.96667    0.051804
   10.0667   0.0267594
   10.1667  0.00169891
   10.2667   -0.023133
   10.3667  -0.0474963
   10.4667  -0.0711579
   10.5667  -0.0938932
   10.6667   -0.115489
   10.7667   -0.135745
   10.8667   -0.154475
   10.9667    -0.17151
   11.0667   -0.186699
   11.1667   -0.199909
   11.2667   -0.211029
   11.3667   -0.219968
   11.4667   -0.226657
   11.5667   -0.231051
   11.6667   -0.233125
   11.7667   -0.232879
   11.8667   -0.230335
   11.9667   -0.225537
   12.0667    -0.21855
   12.1667   -0.209461
   12.2667   -0.198376
   12.3667    -0.18542
   12.4667   -0.170736
   12.5667   -0.154481
   12.6667   -0.136826
   12.7667   -0.117958
   12.8667  -0.0980693
   12.9667  -0.0773648
   13.0667  -0.0560539
   13.1667  -0.0343508
   13.2667   -0.012472
   13.3667  0.00936597
   13.4667   0.0309485
   13.5667   0.0520649
   13.6667   0.0725107
   13.7667   0.0920895
   13.8667    0.110615
   13.9667    0.127911
   14.0667    0.143817
   14.1667    0.158186
   14.2667    0.170886
   14.3667    0.181805
   14.4667    0.190847
   14.5667    0.197934
   14.6667    0.203012
   14.7667    0.206043
   14.8667    0.207012
   14.9667    0.205921
   15.0667    0.202797
   15.1667    0.197682
   15.2667    0.190641
   15.3667    0.181755
   15.4667    0.171125
   15.5667    0.158866
   15.6667    0.145109
   15.7667    0.130001
   15.8667    0.113699
   15.9667   0.0963706
   16.0667   0.0781947
   16.1667   0.0593557
   16.2667    0.040044
   16.3667   0.0204532
   16.4667  0.000778759
   16.5667  -0.0187843
   16.6667  -0.0380431
   16.7667  -0.0568092
   16.8667  -0.0748997
   16.9667  -0.0921397
   17.0667   -0.108364
   17.1667   -0.123417
   17.2667   -0.137158
   17.3667   -0.149457
   17.4667   -0.160201
   17.5667   -0.169294
   17.6667   -0.176653
   17.7667   -0.182216
   17.8667   -0.185939
   17.9667   -0.187794
   18.0667   -0.187773
   18.1667   -0.185887
   18.2667   -0.182164
   18.3667   -0.176653
   18.4667   -0.169416
   18.5667   -0.160535
   18.6667   -0.150106
   18.7667   -0.138242
   18.8667   -0.125067
   18.9667   -0.110719
   19.0667  -0.0953466
   19.1667  -0.0791066
   19.2667  -0.0621649
   19.3667  -0.0446931
   19.4667   -0.026867
   19.5667  -0.00886521
   19.6667  0.00913294
   19.7667    0.026949
   19.8667   0.0444073
   19.9667   0.0613364
