      -9.9 3.54268e-06 3.54268e-06 3.54268e-06
     -9.65 2.19998e-06 2.19998e-06 2.19998e-06
      -9.4 3.66781e-06 3.66781e-06 3.66781e-06
     -9.15 1.35875e-05 1.35875e-05 1.35875e-05
      -8.9 -3.50726e-05 -3.50726e-05 -3.50726e-05
     -8.65 -2.12298e-05 -2.12298e-05 -2.12298e-05
      -8.4 -3.44775e-05 -3.44775e-05 -3.44775e-05
     -8.15 -0.000124326 -0.000124326 -0.000124326
      -7.9 0.000312146 0.000312146 0.000312146
     -7.65 0.000183638 0.000183638 0.000183638
      -7.4 0.000289611 0.000289611 0.000289611
     -7.15 0.00101326 0.00101326 0.00101326
      -6.9 -0.00246595 -0.00246595 -0.00246595
     -6.65 -0.00140483 -0.00140483 -0.00140483
      -6.4 -0.00214312 -0.00214312 -0.00214312
     -6.15 -0.00724478 -0.00724478 -0.00724478
      -5.9  0.0170151  0.0170151  0.0170151
     -5.65 0.00934213 0.00934213 0.00934213
      -5.4   0.013716   0.013716   0.013716
     -5.15  0.0445554  0.0445554  0.0445554
      -4.9  -0.100389  -0.100389  -0.100389
     -4.65  -0.052783  -0.052783  -0.052783
      -4.4 -0.0740662 -0.0740662 -0.0740662
     -4.15   -0.22946   -0.22946   -0.22946
      -3.9   0.491906   0.491906   0.491906
     -3.65   0.245441   0.245441   0.245441
      -3.4   0.325891   0.325891   0.325891
     -3.15    0.95226    0.95226    0.95226
      -2.9   -1.91843   -1.91843   -1.91843
     -2.65   -0.89586   -0.89586   -0.89586
      -2.4   -1.10803   -1.10803   -1.10803
     -2.15   -2.99962   -2.99962   -2.99962
      -1.9    5.56345    5.56345    5.56345
     -1.65    2.37403    2.37403    2.37403
      -1.4    2.65927    2.65927    2.65927
     -1.15    6.44918    6.44918    6.44918
      -0.9   -10.5706   -10.5706   -10.5706
     -0.65   -3.91715   -3.91715   -3.91715
      -0.4   -3.72298   -3.72298   -3.72298
     -0.15   -7.41656   -7.41656   -7.41656
       0.1    9.51351    9.51351    9.51351
      0.35    2.54615    2.54615    2.54615
       0.6    1.48919    1.48919    1.48919
      0.85    1.11248    1.11248    1.11248
       1.1   0.951351   0.951351   0.951351
      1.35   0.891151   0.891151   0.891151
       1.6   0.893515   0.893515   0.893515
      1.85   0.945611   0.945611   0.945611
       2.1    1.04649    1.04649    1.04649
      2.35    1.20305    1.20305    1.20305
       2.6    1.42962    1.42962    1.42962
      2.85    1.74938    1.74938    1.74938
       3.1    2.19762    2.19762    2.19762
      3.35    2.82718    2.82718    2.82718
       3.6    3.71702    3.71702    3.71702
      3.85    4.98573    4.98573    4.98573
       4.1    6.81262    6.81262    6.81262
      4.35    9.47105    9.47105    9.47105
       4.6    13.3813    13.3813    13.3813
      4.85    19.1951    19.1951    19.1951
       5.1    27.9318    27.9318    27.9318
      5.35    41.1991    41.1991    41.1991
       5.6    61.5539    61.5539    61.5539
      5.85    93.0961    93.0961    93.0961
       6.1    142.452    142.452    142.452
      6.35    220.415    220.415    220.415
       6.6    344.702    344.702    344.702
      6.85    544.612    544.612    544.612
       7.1    868.957    868.957    868.957
      7.35    1399.63    1399.63    1399.63
       7.6    2275.03    2275.03    2275.03
      7.85    3730.59    3730.59    3730.59
       8.1    6169.59    6169.59    6169.59
      8.35    10287.3    10287.3    10287.3
       8.6    17290.2    17290.2    17290.2
      8.85    29285.2    29285.2    29285.2
       9.1    49973.7    49973.7    49973.7
      9.35    85899.1    85899.1    85899.1
       9.6     148696     148696     148696
      9.85     259174     259174     259174
