      -9.9   -12.5506   -12.5506   -12.5506
     -9.65   -13.0271   -13.0271   -13.0271
      -9.4   -12.5159   -12.5159   -12.5159
     -9.15   -11.2064   -11.2064   -11.2064
      -8.9       -nan       -nan       -nan
     -8.65       -nan       -nan       -nan
      -8.4       -nan       -nan       -nan
     -8.15       -nan       -nan       -nan
      -7.9   -8.07204   -8.07204   -8.07204
     -7.65   -8.60254   -8.60254   -8.60254
      -7.4   -8.14697   -8.14697   -8.14697
     -7.15   -6.89459   -6.89459   -6.89459
      -6.9       -nan       -nan       -nan
     -6.65       -nan       -nan       -nan
      -6.4       -nan       -nan       -nan
     -6.15       -nan       -nan       -nan
      -5.9   -4.07366   -4.07366   -4.07366
     -5.65   -4.67322   -4.67322   -4.67322
      -5.4    -4.2892    -4.2892    -4.2892
     -5.15   -3.11102   -3.11102   -3.11102
      -4.9       -nan       -nan       -nan
     -4.65       -nan       -nan       -nan
      -4.4       -nan       -nan       -nan
     -4.15       -nan       -nan       -nan
      -3.9  -0.709468  -0.709468  -0.709468
     -3.65    -1.4047    -1.4047    -1.4047
      -3.4   -1.12119   -1.12119   -1.12119
     -3.15 -0.0489171 -0.0489171 -0.0489171
      -2.9       -nan       -nan       -nan
     -2.65       -nan       -nan       -nan
      -2.4       -nan       -nan       -nan
     -2.15       -nan       -nan       -nan
      -1.9    1.71622    1.71622    1.71622
     -1.65   0.864589   0.864589   0.864589
      -1.4   0.978052   0.978052   0.978052
     -1.15    1.86395    1.86395    1.86395
      -0.9       -nan       -nan       -nan
     -0.65       -nan       -nan       -nan
      -0.4       -nan       -nan       -nan
     -0.15       -nan       -nan       -nan
       0.1    2.25271    2.25271    2.25271
      0.35   0.934581   0.934581   0.934581
       0.6   0.398234   0.398234   0.398234
      0.85   0.106595   0.106595   0.106595
       1.1 -0.0498725 -0.0498724 -0.0498724
      1.35  -0.115241  -0.115241  -0.115241
       1.6  -0.112592  -0.112592  -0.112592
      1.85 -0.0559238 -0.0559238 -0.0559238
       2.1  0.0454377  0.0454377  0.0454377
      2.35   0.184864   0.184864   0.184864
       2.6   0.357412   0.357412   0.357412
      2.85   0.559262   0.559262   0.559262
       3.1   0.787375   0.787375   0.787375
      3.35    1.03928    1.03928    1.03928
       3.6    1.31292    1.31292    1.31292
      3.85    1.60658    1.60658    1.60658
       4.1    1.91878    1.91878    1.91878
      4.35    2.24824    2.24824    2.24824
       4.6    2.59386    2.59386    2.59386
      4.85    2.95465    2.95465    2.95465
       5.1    3.32976    3.32976    3.32976
      5.35    3.71842    3.71842    3.71842
       5.6    4.11991    4.11991    4.11991
      5.85    4.53363    4.53363    4.53363
       6.1      4.959      4.959      4.959
      6.35    5.39551    5.39551    5.39551
       6.6    5.84268    5.84268    5.84268
      6.85    6.30007    6.30007    6.30007
       7.1    6.76729    6.76729    6.76729
      7.35    7.24397    7.24397    7.24397
       7.6    7.72975    7.72975    7.72975
      7.85    8.22432    8.22432    8.22432
       8.1    8.72739    8.72739    8.72739
      8.35    9.23867    9.23867    9.23867
       8.6     9.7579     9.7579     9.7579
      8.85    10.2848    10.2848    10.2848
       9.1    10.8193    10.8193    10.8193
      9.35    11.3609    11.3609    11.3609
       9.6    11.9097    11.9097    11.9097
      9.85    12.4653    12.4653    12.4653
