100.000000    0.337117
100.100000    0.338406
100.200000    0.339701
100.300000    0.341000
100.400000    0.342304
100.500000    0.343613
100.600000    0.344926
100.700000    0.346245
100.800000    0.347568
100.900000    0.348896
101.000000    0.350229
101.100000    0.351566
101.200000    0.352909
101.300000    0.354256
101.400000    0.355607
101.500000    0.356964
101.600000    0.358325
101.700000    0.359691
101.800000    0.361062
101.900000    0.362437
102.000000    0.363817
102.100000    0.365202
102.200000    0.366591
102.300000    0.367985
102.400000    0.369384
102.500000    0.370787
102.600000    0.372195
102.700000    0.373607
102.800000    0.375024
102.900000    0.376445
103.000000    0.377871
103.100000    0.379302
103.200000    0.380737
103.300000    0.382176
103.400000    0.383620
103.500000    0.385068
103.600000    0.386521
103.700000    0.387978
103.800000    0.389439
103.900000    0.390905
104.000000    0.392375
104.100000    0.393849
104.200000    0.395327
104.300000    0.396810
104.400000    0.398297
104.500000    0.399788
104.600000    0.401283
104.700000    0.402782
104.800000    0.404285
104.900000    0.405792
105.000000    0.407303
105.100000    0.408818
105.200000    0.410337
105.300000    0.411860
105.400000    0.413386
105.500000    0.414916
105.600000    0.416450
105.700000    0.417988
105.800000    0.419529
105.900000    0.421074
106.000000    0.422623
106.100000    0.424175
106.200000    0.425730
106.300000    0.427289
106.400000    0.428851
106.500000    0.430416
106.600000    0.431985
106.700000    0.433557
106.800000    0.435132
106.900000    0.436710
107.000000    0.438291
107.100000    0.439875
107.200000    0.441462
107.300000    0.443051
107.400000    0.444644
107.500000    0.446239
107.600000    0.447837
107.700000    0.449437
107.800000    0.451040
107.900000    0.452646
108.000000    0.454253
108.100000    0.455863
108.200000    0.457475
108.300000    0.459090
108.400000    0.460706
108.500000    0.462325
108.600000    0.463945
108.700000    0.465567
108.800000    0.467191
108.900000    0.468817
109.000000    0.470444
109.100000    0.472073
109.200000    0.473703
109.300000    0.475334
109.400000    0.476967
109.500000    0.478601
109.600000    0.480236
109.700000    0.481872
109.800000    0.483508
109.900000    0.485146
110.000000    0.486784
110.100000    0.488423
110.200000    0.490062
110.300000    0.491702
110.400000    0.493342
110.500000    0.494982
110.600000    0.496622
110.700000    0.498262
110.800000    0.499902
110.900000    0.501542
111.000000    0.503181
111.100000    0.504820
111.200000    0.506458
111.300000    0.508095
111.400000    0.509732
111.500000    0.511368
111.600000    0.513002
111.700000    0.514635
111.800000    0.516268
111.900000    0.517898
112.000000    0.519527
112.100000    0.521155
112.200000    0.522780
112.300000    0.524404
112.400000    0.526025
112.500000    0.527644
112.600000    0.529261
112.700000    0.530876
112.800000    0.532487
112.900000    0.534096
113.000000    0.535702
113.100000    0.537305
113.200000    0.538905
113.300000    0.540502
113.400000    0.542095
113.500000    0.543684
113.600000    0.545270
113.700000    0.546852
113.800000    0.548429
113.900000    0.550003
114.000000    0.551572
114.100000    0.553136
114.200000    0.554696
114.300000    0.556251
114.400000    0.557801
114.500000    0.559346
114.600000    0.560886
114.700000    0.562420
114.800000    0.563949
114.900000    0.565472
115.000000    0.566989
115.100000    0.568499
115.200000    0.570004
115.300000    0.571502
115.400000    0.572993
115.500000    0.574478
115.600000    0.575956
115.700000    0.577427
115.800000    0.578890
115.900000    0.580346
116.000000    0.581795
116.100000    0.583236
116.200000    0.584668
116.300000    0.586093
116.400000    0.587510
116.500000    0.588918
116.600000    0.590317
116.700000    0.591708
116.800000    0.593089
116.900000    0.594462
117.000000    0.595825
117.100000    0.597179
117.200000    0.598523
117.300000    0.599857
117.400000    0.601182
117.500000    0.602496
117.600000    0.603800
117.700000    0.605093
117.800000    0.606376
117.900000    0.607648
118.000000    0.608909
118.100000    0.610158
118.200000    0.611397
118.300000    0.612624
118.400000    0.613839
118.500000    0.615042
118.600000    0.616233
118.700000    0.617412
118.800000    0.618579
118.900000    0.619733
119.000000    0.620875
119.100000    0.622003
119.200000    0.623119
119.300000    0.624221
119.400000    0.625311
119.500000    0.626386
119.600000    0.627448
119.700000    0.628496
119.800000    0.629530
119.900000    0.630550
120.000000    0.631556
120.100000    0.632547
120.200000    0.633524
120.300000    0.634486
120.400000    0.635433
120.500000    0.636365
120.600000    0.637282
120.700000    0.638184
120.800000    0.639070
120.900000    0.639940
121.000000    0.640795
121.100000    0.641634
121.200000    0.642457
121.300000    0.643263
121.400000    0.644054
121.500000    0.644828
121.600000    0.645585
121.700000    0.646326
121.800000    0.647051
121.900000    0.647758
122.000000    0.648448
122.100000    0.649121
122.200000    0.649777
122.300000    0.650416
122.400000    0.651037
122.500000    0.651640
122.600000    0.652226
122.700000    0.652794
122.800000    0.653345
122.900000    0.653877
123.000000    0.654391
123.100000    0.654888
123.200000    0.655366
123.300000    0.655826
123.400000    0.656267
123.500000    0.656690
123.600000    0.657095
123.700000    0.657481
123.800000    0.657848
123.900000    0.658197
124.000000    0.658526
124.100000    0.658837
124.200000    0.659130
124.300000    0.659403
124.400000    0.659657
124.500000    0.659892
124.600000    0.660109
124.700000    0.660306
124.800000    0.660484
124.900000    0.660643
125.000000    0.660782
125.100000    0.660903
125.200000    0.661004
125.300000    0.661086
125.400000    0.661148
125.500000    0.661192
125.600000    0.661216
125.700000    0.661221
125.800000    0.661206
125.900000    0.661173
126.000000    0.661120
126.100000    0.661048
126.200000    0.660956
126.300000    0.660845
126.400000    0.660715
126.500000    0.660566
126.600000    0.660398
126.700000    0.660210
126.800000    0.660004
126.900000    0.659778
127.000000    0.659533
127.100000    0.659270
127.200000    0.658987
127.300000    0.658685
127.400000    0.658365
127.500000    0.658026
127.600000    0.657668
127.700000    0.657291
127.800000    0.656896
127.900000    0.656483
128.000000    0.656050
128.100000    0.655600
128.200000    0.655131
128.300000    0.654644
128.400000    0.654138
128.500000    0.653615
128.600000    0.653074
128.700000    0.652515
128.800000    0.651938
128.900000    0.651343
129.000000    0.650731
129.100000    0.650101
129.200000    0.649454
129.300000    0.648789
129.400000    0.648108
129.500000    0.647409
129.600000    0.646693
129.700000    0.645961
129.800000    0.645212
129.900000    0.644446
130.000000    0.643664
130.100000    0.642865
130.200000    0.642050
130.300000    0.641220
130.400000    0.640373
130.500000    0.639510
130.600000    0.638632
130.700000    0.637738
130.800000    0.636829
130.900000    0.635905
131.000000    0.634965
131.100000    0.634011
131.200000    0.633041
131.300000    0.632057
131.400000    0.631059
131.500000    0.630046
131.600000    0.629019
131.700000    0.627978
131.800000    0.626923
131.900000    0.625854
132.000000    0.624772
132.100000    0.623676
132.200000    0.622567
132.300000    0.621445
132.400000    0.620310
132.500000    0.619162
132.600000    0.618002
132.700000    0.616829
132.800000    0.615644
132.900000    0.614446
133.000000    0.613237
133.100000    0.612016
133.200000    0.610784
133.300000    0.609540
133.400000    0.608284
133.500000    0.607018
133.600000    0.605741
133.700000    0.604453
133.800000    0.603154
133.900000    0.601845
134.000000    0.600526
134.100000    0.599196
134.200000    0.597857
134.300000    0.596508
134.400000    0.595150
134.500000    0.593782
134.600000    0.592405
134.700000    0.591019
134.800000    0.589624
134.900000    0.588220
135.000000    0.586808
135.100000    0.585387
135.200000    0.583958
135.300000    0.582522
135.400000    0.581077
135.500000    0.579625
135.600000    0.578165
135.700000    0.576698
135.800000    0.575224
135.900000    0.573742
136.000000    0.572254
136.100000    0.570759
136.200000    0.569258
136.300000    0.567750
136.400000    0.566237
136.500000    0.564717
136.600000    0.563191
136.700000    0.561660
136.800000    0.560123
136.900000    0.558580
137.000000    0.557033
137.100000    0.555480
137.200000    0.553923
137.300000    0.552361
137.400000    0.550794
137.500000    0.549222
137.600000    0.547647
137.700000    0.546067
137.800000    0.544483
137.900000    0.542896
138.000000    0.541305
138.100000    0.539710
138.200000    0.538112
138.300000    0.536510
138.400000    0.534906
138.500000    0.533298
138.600000    0.531688
138.700000    0.530075
138.800000    0.528459
138.900000    0.526841
139.000000    0.525221
139.100000    0.523598
139.200000    0.521974
139.300000    0.520347
139.400000    0.518719
139.500000    0.517089
139.600000    0.515458
139.700000    0.513825
139.800000    0.512191
139.900000    0.510556
140.000000    0.508920
140.100000    0.507283
140.200000    0.505645
140.300000    0.504006
140.400000    0.502367
140.500000    0.500728
140.600000    0.499088
140.700000    0.497448
140.800000    0.495808
140.900000    0.494168
141.000000    0.492528
141.100000    0.490888
141.200000    0.489249
141.300000    0.487610
141.400000    0.485971
141.500000    0.484333
141.600000    0.482696
141.700000    0.481060
141.800000    0.479424
141.900000    0.477790
142.000000    0.476157
142.100000    0.474525
142.200000    0.472894
142.300000    0.471264
142.400000    0.469636
142.500000    0.468010
142.600000    0.466385
142.700000    0.464762
142.800000    0.463141
142.900000    0.461521
143.000000    0.459904
143.100000    0.458288
143.200000    0.456675
143.300000    0.455064
143.400000    0.453455
143.500000    0.451849
143.600000    0.450244
143.700000    0.448643
143.800000    0.447044
143.900000    0.445447
144.000000    0.443853
144.100000    0.442262
144.200000    0.440674
144.300000    0.439088
144.400000    0.437506
144.500000    0.435926
144.600000    0.434350
144.700000    0.432776
144.800000    0.431206
144.900000    0.429639
145.000000    0.428075
145.100000    0.426515
145.200000    0.424958
145.300000    0.423404
145.400000    0.421854
145.500000    0.420307
145.600000    0.418764
145.700000    0.417225
145.800000    0.415689
145.900000    0.414157
146.000000    0.412628
146.100000    0.411103
146.200000    0.409583
146.300000    0.408066
146.400000    0.406553
146.500000    0.405044
146.600000    0.403538
146.700000    0.402037
146.800000    0.400540
146.900000    0.399047
147.000000    0.397559
147.100000    0.396074
147.200000    0.394593
147.300000    0.393117
147.400000    0.391645
147.500000    0.390177
147.600000    0.388714
147.700000    0.387254
147.800000    0.385800
147.900000    0.384349
148.000000    0.382903
148.100000    0.381461
148.200000    0.380024
148.300000    0.378591
148.400000    0.377163
148.500000    0.375739
148.600000    0.374320
148.700000    0.372906
148.800000    0.371495
148.900000    0.370090
149.000000    0.368689
149.100000    0.367293
149.200000    0.365901
149.300000    0.364514
149.400000    0.363132
149.500000    0.361754
149.600000    0.360381
149.700000    0.359013
149.800000    0.357649
149.900000    0.356290
150.000000    0.354936
150.100000    0.353586
150.200000    0.352242
150.300000    0.350902
150.400000    0.349567
150.500000    0.348236
150.600000    0.346911
150.700000    0.345590
150.800000    0.344274
150.900000    0.342963
151.000000    0.341656
151.100000    0.340355
151.200000    0.339058
151.300000    0.337766
151.400000    0.336479
151.500000    0.335196
151.600000    0.333919
151.700000    0.332646
151.800000    0.331378
151.900000    0.330115
152.000000    0.328857
152.100000    0.327603
152.200000    0.326355
152.300000    0.325111
152.400000    0.323872
152.500000    0.322638
152.600000    0.321408
152.700000    0.320184
152.800000    0.318964
152.900000    0.317749
153.000000    0.316539
153.100000    0.315334
153.200000    0.314133
153.300000    0.312937
153.400000    0.311746
153.500000    0.310560
153.600000    0.309379
153.700000    0.308202
153.800000    0.307030
153.900000    0.305863
154.000000    0.304701
154.100000    0.303543
154.200000    0.302390
154.300000    0.301242
154.400000    0.300098
154.500000    0.298959
154.600000    0.297825
154.700000    0.296696
154.800000    0.295571
154.900000    0.294451
155.000000    0.293336
155.100000    0.292225
155.200000    0.291119
155.300000    0.290017
155.400000    0.288920
155.500000    0.287828
155.600000    0.286741
155.700000    0.285658
155.800000    0.284579
155.900000    0.283505
156.000000    0.282436
156.100000    0.281371
156.200000    0.280311
156.300000    0.279255
156.400000    0.278204
156.500000    0.277157
156.600000    0.276115
156.700000    0.275077
156.800000    0.274043
156.900000    0.273015
157.000000    0.271990
157.100000    0.270970
157.200000    0.269954
157.300000    0.268943
157.400000    0.267936
157.500000    0.266934
157.600000    0.265936
157.700000    0.264942
157.800000    0.263953
157.900000    0.262967
158.000000    0.261986
158.100000    0.261010
158.200000    0.260038
158.300000    0.259070
158.400000    0.258106
158.500000    0.257146
158.600000    0.256191
158.700000    0.255240
158.800000    0.254293
158.900000    0.253350
159.000000    0.252411
159.100000    0.251477
159.200000    0.250546
159.300000    0.249620
159.400000    0.248698
159.500000    0.247780
159.600000    0.246866
159.700000    0.245956
159.800000    0.245050
159.900000    0.244148
