     0.001    0.97047  -0.242655   0.464992   0.432669  -0.969538    0.24352   0.467417   0.432061 -0.000932407 -0.000864731  -0.932409  -0.864729 
0.00416418   0.971935  -0.241284   0.461169   0.433613  -0.968052   0.244885   0.471267   0.431082 -0.00388273 -0.00360087  -0.932436  -0.864696 
 0.0106643   0.974907   -0.23846   0.453366   0.435491  -0.964963   0.247681   0.479227   0.429006  -0.009944 -0.00922117  -0.932593  -0.864498 
 0.0208582   0.979467  -0.234006   0.441269   0.438271  -0.960014   0.252037   0.491848   0.425566 -0.0194525 -0.0180315  -0.933117  -0.863836 
 0.0343621   0.985318  -0.228063   0.425505   0.441658  -0.953259   0.257752   0.508824   0.420642 -0.0320595 -0.0296888  -0.934329    -0.8623 
 0.0504585   0.992018  -0.220923   0.407103   0.445286  -0.944904   0.264474   0.529436   0.414195 -0.0471132 -0.0435503  -0.936539  -0.859481 
 0.0684156   0.999146  -0.212893   0.387066    0.44885  -0.935189   0.271843   0.552902   0.406204  -0.063957 -0.0589505  -0.939968  -0.855054 
 0.0876301    1.00638  -0.204234   0.366192   0.452153  -0.924321   0.279562   0.578538   0.396647 -0.0820584 -0.0753274   -0.94473    -0.8488 
  0.107652     1.0135  -0.195149   0.345048   0.455092  -0.912467   0.287398   0.605796   0.385491  -0.101029 -0.0922486  -0.950845  -0.840582 
  0.128163    1.02036  -0.185786   0.324013   0.457629  -0.899753   0.295181   0.634244   0.372691  -0.120602  -0.109394  -0.958257   -0.83032 
  0.148942    1.02687  -0.176253   0.303326   0.459769  -0.886272   0.302782   0.663535   0.358202  -0.140598  -0.126529  -0.966861  -0.817971 
  0.169835    1.03299  -0.166627   0.283129    0.46154  -0.872098   0.310106   0.693381   0.341975  -0.160894  -0.143479   -0.97651  -0.803515 
  0.190737     1.0387  -0.156963   0.263503   0.462979  -0.857292   0.317074   0.723526   0.323969   -0.18141  -0.160111  -0.987029  -0.786948 
  0.211569    1.04399  -0.147305   0.244488   0.464129  -0.841905   0.323627   0.753734   0.304153  -0.202086  -0.176322  -0.998222  -0.768282 
  0.232278    1.04886  -0.137682   0.226095    0.46503  -0.825985   0.329712   0.783783   0.282514  -0.222876  -0.192029   -1.00988  -0.747544 
  0.252825    1.05332   -0.12812   0.208318   0.465724  -0.809575   0.335285   0.813456   0.259052  -0.243746  -0.207166   -1.02177  -0.724775 
  0.273179    1.05738  -0.118634   0.191139   0.466244   -0.79272   0.340311   0.842544    0.23379  -0.264665  -0.221677   -1.03368  -0.700035 
  0.293321    1.06107  -0.109238   0.174531   0.466624  -0.775461   0.344759   0.870842   0.206774  -0.285605   -0.23552   -1.04537  -0.673398 
  0.313239    1.06438  -0.099941   0.158462   0.466892   -0.75784   0.348601   0.898157   0.178066   -0.30654   -0.24866   -1.05662  -0.644958 
  0.332925    1.06734 -0.0907475   0.142896   0.467071  -0.739897   0.351817   0.924306   0.147753  -0.327448   -0.26107    -1.0672  -0.614824 
  0.352379    1.06998 -0.0816601   0.127796   0.467182   -0.72167   0.354391   0.949121   0.115939  -0.348307  -0.272731   -1.07692  -0.583121 
  0.371602    1.07229 -0.0726785   0.113121   0.467242  -0.703194   0.356309   0.972448  0.0827449  -0.369097   -0.28363   -1.08557  -0.549987 
  0.390602     1.0743 -0.0638004  0.0988302   0.467267  -0.684505   0.357561   0.994154  0.0483059  -0.389799  -0.293761   -1.09298  -0.515573 
   0.40939    1.07603 -0.0550214  0.0848839   0.467267  -0.665632   0.358142    1.01412  0.0127701  -0.410397   -0.30312   -1.09901  -0.480037 
  0.427979    1.07748 -0.0463356  0.0712407   0.467251  -0.646604   0.358046    1.03226 -0.0237053  -0.430875   -0.31171    -1.1035  -0.443546 
  0.446384    1.07867 -0.0377358  0.0578603   0.467229  -0.627448   0.357271    1.04849 -0.0609558  -0.451219  -0.319536   -1.10635  -0.406273 
  0.464623     1.0796 -0.0292141  0.0447031   0.467204  -0.608185   0.355818    1.06276 -0.0988118  -0.471416  -0.326604   -1.10746  -0.368392 
  0.482716    1.08029 -0.0207613  0.0317298   0.467182  -0.588838   0.353687    1.07503  -0.137102  -0.491455  -0.332926   -1.10676  -0.330081 
  0.500682    1.08075 -0.0123681   0.018902   0.467166  -0.569423    0.35088     1.0853  -0.175653  -0.511324  -0.338511    -1.1042  -0.291514 
  0.518542    1.08097 -0.00402462 0.00618212   0.467158  -0.549957   0.347398    1.09357  -0.214294  -0.531014  -0.343374   -1.09976  -0.252864 
  0.536318    1.08097 0.00427936 -0.00646721   0.467158  -0.530453   0.343246    1.09987  -0.252857  -0.550515  -0.347526    -1.0934  -0.214301 
   0.55403    1.08074  0.0125541 -0.0190827   0.467166  -0.510924   0.338427    1.10424  -0.291179  -0.569818  -0.350982   -1.08515  -0.175987 
  0.571703    1.08029    0.02081 -0.0317009   0.467182   -0.49138   0.332945    1.10673  -0.329103  -0.588913  -0.353755   -1.07503  -0.138079 
  0.589356    1.07962  0.0290574 -0.0443582   0.467203  -0.471829   0.326803    1.10743  -0.366477  -0.607794   -0.35586   -1.06307  -0.100726 
  0.607012    1.07873  0.0373066  -0.057091   0.467227  -0.452277   0.320005    1.10642  -0.403161   -0.62645  -0.357311   -1.04933 -0.0640651 
  0.624692     1.0776  0.0455677 -0.0699361   0.467249  -0.432731   0.312555    1.10381  -0.439022  -0.644873  -0.358123   -1.03387 -0.0282268 
  0.642419    1.07625  0.0538506 -0.0829307   0.467264  -0.413194   0.304459    1.09971  -0.473935  -0.663056  -0.358309   -1.01677 0.00667076 
  0.660213    1.07466  0.0621651 -0.0961126   0.467267  -0.393669   0.295719    1.09423  -0.507787  -0.680989  -0.357884  -0.998121  0.0405199 
  0.678094    1.07282  0.0705204   -0.10952   0.467251  -0.374158    0.28634    1.08753  -0.540475  -0.698663  -0.356861  -0.978008  0.0732246 
  0.696083    1.07073  0.0789254  -0.123194   0.467205   -0.35466   0.276328    1.07973  -0.571905  -0.716068  -0.355254  -0.956537     0.1047 
  0.714198    1.06837  0.0873883  -0.137173   0.467119  -0.335176   0.265688    1.07099  -0.601992  -0.733195  -0.353077  -0.933816   0.134873 
  0.732458    1.06574  0.0959169  -0.151499    0.46698  -0.315704   0.254427    1.06146  -0.630662  -0.750032  -0.350343  -0.909959   0.163682 
   0.75088    1.06281   0.104518  -0.166215   0.466774  -0.296241    0.24255     1.0513  -0.657851  -0.766569  -0.347068  -0.885083   0.191077 
  0.769478    1.05958   0.113197  -0.181365   0.466482  -0.276786   0.230068    1.04067    -0.6835  -0.782794  -0.343265  -0.859308   0.217018 
  0.788267    1.05603   0.121958  -0.196993   0.466084  -0.257335   0.216991    1.02975  -0.707561  -0.798692  -0.338949  -0.832755   0.241477 
  0.807259    1.05213   0.130805  -0.213144   0.465554  -0.237884   0.203331    1.01869  -0.729992   -0.81425  -0.334137  -0.805548   0.264438 
  0.826462    1.04788    0.13974  -0.229863   0.464865  -0.218428   0.189104    1.00767  -0.750758  -0.829454  -0.328844  -0.777812   0.285893 
  0.845884    1.04325   0.148761  -0.247196   0.463984  -0.198964   0.174328   0.996864   -0.76983  -0.844288  -0.323089  -0.749668   0.305846 
   0.86553    1.03822   0.157866  -0.265187   0.462874  -0.179485   0.159024   0.986426  -0.787184  -0.858736  -0.316891  -0.721239   0.324311 
  0.885399    1.03277   0.167051   -0.28388    0.46149  -0.159987   0.143219   0.976523    -0.8028  -0.872782   -0.31027  -0.692644   0.341311 
  0.905491    1.02687   0.176308  -0.303314   0.459784  -0.140464    0.12694   0.967313  -0.816662  -0.886409  -0.303248  -0.663999   0.356878 
  0.925799    1.02051   0.185626   -0.32353     0.4577   -0.12091   0.110223   0.958945  -0.828756  -0.899601  -0.295848  -0.635415   0.371056 
  0.946315    1.01366   0.194992  -0.344559   0.455177  -0.101318  0.0931045   0.951557  -0.839069  -0.912343  -0.288097  -0.606998   0.383893 
  0.967027     1.0063   0.204391  -0.366432   0.452145 -0.0816807   0.075628   0.945278  -0.847591   -0.92462  -0.280019  -0.578846   0.395446 
  0.987919   0.998411   0.213802   -0.38917   0.448528 -0.0619915    0.05784   0.940221  -0.854309   -0.93642  -0.271642  -0.551051    0.40578 
   1.00897   0.989973   0.223204  -0.412787   0.444244 -0.0422422  0.0397915   0.936481  -0.859208  -0.947731  -0.262996  -0.523694   0.414964 
   1.03017   0.980967   0.232571  -0.437289   0.439202 -0.0224249  0.0215372   0.934137  -0.862274  -0.958543  -0.254108  -0.496848   0.423072 
   1.05148    0.97138   0.241874  -0.462668   0.433308 -0.00253163 0.00313538   0.933244  -0.863488  -0.968849  -0.245009  -0.470577   0.430179 
   1.07289   0.961199   0.251082  -0.488906   0.426461  0.0174452 -0.0153527   0.933839  -0.862826  -0.978644  -0.235729  -0.444933   0.436365 
   1.09436   0.950414    0.26016   -0.51597   0.418557  0.0375124 -0.0338634   0.935929  -0.860265  -0.987926  -0.226297  -0.419959   0.441708 
   1.11588   0.939019   0.269073  -0.543812   0.409488  0.0576759 -0.0523308   0.939501  -0.855776  -0.996695  -0.216742  -0.395689   0.446288 
    1.1374   0.927013   0.277781  -0.572366   0.399149    0.07794  -0.070688   0.944511  -0.849328   -1.00495  -0.207093  -0.372145   0.450179 
   1.15889   0.914397   0.286243  -0.601548   0.387434  0.0983067 -0.0888673   0.950892  -0.840892    -1.0127  -0.197376  -0.349344   0.453458 
   1.18034    0.90118   0.294419  -0.631257   0.374245   0.118776  -0.106801   0.958547   -0.83044   -1.01996  -0.187619   -0.32729   0.456195 
   1.20171   0.887374   0.302267  -0.661371   0.359491   0.139345  -0.124422   0.967356  -0.817948   -1.02672  -0.177845  -0.305984   0.458456 
   1.22296   0.872994   0.309743  -0.691753   0.343092   0.160007  -0.141666   0.977171  -0.803397     -1.033  -0.168078  -0.285418   0.460305 
   1.24408   0.858063   0.316808  -0.722247   0.324983   0.180753   -0.15847   0.987824   -0.78678   -1.03882  -0.158338  -0.265577   0.461798 
   1.26504   0.842607   0.323421  -0.752685   0.305114   0.201572  -0.174776   0.999127  -0.768102   -1.04418  -0.148645  -0.246442   0.462988 
   1.28582   0.826656   0.329545  -0.782886   0.283458   0.222448  -0.190529    1.01088  -0.747381    -1.0491  -0.139016   -0.22799   0.463923 
   1.30639   0.810243   0.335146  -0.812663   0.260008   0.243366  -0.205682    1.02285  -0.724653   -1.05361  -0.129463   -0.21019   0.464644 
   1.32675   0.793404   0.340191  -0.841825   0.234779   0.264307  -0.220191    1.03484   -0.69997   -1.05771      -0.12  -0.193013   0.465191 
   1.34687   0.776175   0.344655   -0.87018   0.207809   0.285251  -0.234021     1.0466  -0.673404   -1.06143  -0.110634  -0.176422   0.465595 
   1.36676   0.758595   0.348512  -0.897543   0.179159   0.306178  -0.247141    1.05792  -0.645044   -1.06477  -0.101371  -0.160381   0.465885 
    1.3864   0.740701   0.351744  -0.923738    0.14891   0.327069  -0.259527    1.06859  -0.614996   -1.06777 -0.0922167   -0.14485   0.466086 
   1.40581   0.722529   0.354334  -0.948597   0.117165   0.347904  -0.271164    1.07839  -0.583382   -1.07043 -0.0831706   -0.12979   0.466218 
   1.42498   0.704115   0.356271  -0.971972  0.0840406   0.368665  -0.282039    1.08713  -0.550338   -1.07278 -0.0742323  -0.115159   0.466298 
   1.44392    0.68549   0.357545  -0.993729  0.0496714   0.389335  -0.292146    1.09465  -0.516012   -1.07483 -0.0653989  -0.100916   0.466341 
   1.46264   0.666687    0.35815   -1.01375  0.0142029   0.409898  -0.301484    1.10077  -0.480562   -1.07658 -0.0566657 -0.0870202   0.466359 
   1.48117   0.647731   0.358081   -1.03195 -0.0222092   0.430338  -0.310055    1.10538  -0.444151   -1.07807 -0.0480266 -0.0734299   0.466361 
   1.49951    0.62865   0.357338   -1.04824  -0.059402   0.450643  -0.317863    1.10835  -0.406952   -1.07929 -0.0394745 -0.0601051   0.466354 
   1.51768   0.609465   0.355919   -1.06258 -0.0972074   0.470801  -0.324918    1.10959  -0.369139   -1.08027 -0.0310011 -0.0470059   0.466346 
    1.5357   0.590197   0.353826   -1.07493  -0.135455   0.490799  -0.331228    1.10902  -0.330885     -1.081 -0.0225974 -0.0340936    0.46634 
   1.55359   0.570864    0.35106   -1.08528  -0.173972   0.510628  -0.336806     1.1066  -0.292366   -1.08149 -0.0142541 -0.0213297   0.466339 
   1.57137   0.551482   0.347624   -1.09362   -0.21259   0.530277  -0.341663     1.1023  -0.253755   -1.08176 -0.00596107 -0.00867687   0.466345 
   1.58907   0.532064   0.343521   -1.09999  -0.251141   0.549737  -0.345812    1.09609  -0.215219    -1.0818 0.00229163 0.00390192   0.466359 
    1.6067   0.512622   0.338754   -1.10443  -0.289461      0.569  -0.349268    1.08799  -0.176921   -1.08162  0.0105143  0.0164431   0.466382 
   1.62429   0.493166   0.333328     -1.107  -0.327393   0.588056  -0.352045    1.07802  -0.139018   -1.08122  0.0187173  0.0289828   0.466412 
   1.64185   0.473705   0.327246   -1.10776  -0.364789   0.606897  -0.354156     1.0662  -0.101658    -1.0806  0.0269109   0.041557   0.466447 
   1.65942   0.454246   0.320511   -1.10681  -0.401505   0.625516  -0.355617    1.05261 -0.0649803   -1.07976  0.0351054  0.0542018   0.466485 
   1.67701   0.434794   0.313129   -1.10425  -0.437408   0.643903   -0.35644    1.03729 -0.0291137    -1.0787  0.0433109  0.0669534   0.466522 
   1.69464   0.415352   0.305103   -1.10018  -0.472376   0.662051  -0.356641    1.02034 0.00582259    -1.0774  0.0515373  0.0798486   0.466553 
   1.71234   0.395924   0.296438   -1.09474  -0.506294   0.679951  -0.356232    1.00182  0.0397206   -1.07587  0.0597943  0.0929246   0.466573 
   1.73012   0.376511   0.287138   -1.08805  -0.539058   0.697594  -0.355229   0.981832  0.0724838   -1.07411  0.0680911   0.106219   0.466574 
   1.74801   0.357114   0.277207   -1.08026  -0.570575    0.71497  -0.353643   0.960484   0.104027   -1.07208  0.0764367   0.119772   0.466548 
   1.76602   0.337732   0.266651    -1.0715   -0.60076   0.732071   -0.35149   0.937878   0.134276    -1.0698  0.0848395   0.133622   0.466483 
   1.78418   0.318364   0.255476   -1.06194  -0.629539   0.748886  -0.348783   0.914127    0.16317   -1.06725  0.0933073   0.147811   0.466369 
   1.80249   0.299007   0.243688   -1.05173  -0.656846   0.765404  -0.345535   0.889347   0.190656   -1.06441   0.101847   0.162381    0.46619 
   1.82098   0.279659   0.231297   -1.04103  -0.682624   0.781613  -0.341761   0.863656   0.216696   -1.06127   0.110464   0.177374   0.465928 
   1.83966   0.260315   0.218311   -1.03001  -0.706825     0.7975  -0.337476   0.837176    0.24126   -1.05782   0.119165   0.192835   0.465565 
   1.85854   0.240973   0.204743   -1.01884  -0.729407   0.813052  -0.332694   0.810028   0.264331   -1.05403   0.127951   0.208809   0.465076 
   1.87763   0.221627   0.190607   -1.00767  -0.750334   0.828255  -0.327433   0.782335     0.2859   -1.04988   0.136826   0.225339   0.464434 
   1.89695   0.202272   0.175919  -0.996692  -0.769579   0.843095  -0.321709   0.754219   0.305971   -1.04537   0.145789   0.242473   0.463608 
   1.91649   0.182903   0.160701  -0.986055  -0.787116   0.857554   -0.31554   0.725801   0.324555   -1.04046   0.154839   0.260254   0.462561 
   1.93626   0.163514   0.144975  -0.975924  -0.802926   0.871618  -0.308947   0.697199   0.341676   -1.03513   0.163971   0.278725    0.46125 
   1.95625   0.144099    0.12877  -0.966456  -0.816994   0.885271   -0.30195   0.668527   0.357365   -1.02937   0.173179   0.297929    0.45963 
   1.97647   0.124651   0.112118  -0.957802  -0.829306   0.898496  -0.294572   0.639897   0.371661   -1.02315   0.182454   0.317905   0.457644 
    1.9969   0.105163  0.0950542  -0.950101  -0.839849   0.911278  -0.286837   0.611414   0.384614   -1.01644   0.191783   0.338687   0.455235 
   2.01754  0.0856279  0.0776197  -0.943483  -0.848612   0.923603  -0.278772   0.583175   0.396279   -1.00923   0.201152   0.360307   0.452333 
   2.03838  0.0660369  0.0598594  -0.938062  -0.855584   0.935458  -0.270401   0.555273   0.406719   -1.00149   0.210541   0.382789   0.448865 
   2.05938  0.0463817  0.0418223  -0.933939   -0.86075    0.94683  -0.261753    0.52779   0.416001  -0.993212   0.219931   0.406149   0.444749 
   2.08054  0.0266536  0.0235612  -0.931195  -0.864094    0.95771  -0.252857   0.500799   0.424197  -0.984364   0.229295   0.430396   0.439897 
   2.10184 0.00684389 0.00513293  -0.929893  -0.865599    0.96809   -0.24374   0.474365   0.431384  -0.974934   0.238608   0.455527   0.434215 
   2.12325 -0.0130559 -0.0134028   -0.93007  -0.865241   0.977964  -0.234434   0.448542   0.437639  -0.964908   0.247837   0.481528   0.427602 
   2.14474 -0.0330536 -0.0319834  -0.931745  -0.862994   0.987329  -0.224966   0.423375    0.44304  -0.954275    0.25695    0.50837   0.419955 
   2.16629 -0.0531561 -0.0505439  -0.934907  -0.858831   0.996184  -0.215366   0.398899   0.447665  -0.943028    0.26591   0.536008   0.411166 
   2.18786 -0.0733686 -0.0690176  -0.939522  -0.852719    1.00453  -0.205662   0.375139   0.451591  -0.931161   0.274679   0.564383   0.401128 
   2.20943 -0.0936944 -0.0873367  -0.945528  -0.844627    1.01237  -0.195881   0.352112   0.454892  -0.918676   0.283217   0.593417   0.389735 
   2.23097  -0.114134  -0.105433  -0.952837  -0.834524    1.01971  -0.186049   0.329826    0.45764  -0.905577   0.291482    0.62301   0.376884 
   2.25245  -0.134686  -0.123239  -0.961332  -0.822383    1.02656  -0.176192   0.308283   0.459902  -0.891875   0.299432   0.653049   0.362481 
   2.27384  -0.155344  -0.140689  -0.970874  -0.808183    1.03293  -0.166334   0.287478   0.461741  -0.877585   0.307022   0.683396   0.346442 
   2.29511  -0.176101  -0.157717  -0.981299  -0.791912    1.03883  -0.156495   0.267397   0.463216  -0.862726   0.314212   0.713902   0.328697 
   2.31624  -0.196944  -0.174264  -0.992421  -0.773571    1.04427  -0.146696   0.248023   0.464379  -0.847324    0.32096   0.744398   0.309192 
   2.33719   -0.21786  -0.190272   -1.00404  -0.753174    1.04927  -0.136954   0.229334   0.465281  -0.831407   0.327226   0.774704   0.287894 
   2.35796  -0.238831  -0.205691   -1.01594  -0.730752    1.05384  -0.127284   0.211303   0.465963  -0.815008   0.332975   0.804634   0.264789 
   2.37852  -0.259839  -0.220474   -1.02789  -0.706354      1.058  -0.117699   0.193899   0.466465  -0.798163   0.338173   0.833992   0.239889 
   2.39885  -0.280863  -0.234582   -1.03967  -0.680047    1.06177  -0.108208   0.177088    0.46682  -0.780909    0.34279   0.862586   0.213227 
   2.41896  -0.301883  -0.247983   -1.05106  -0.651917    1.06517 -0.0988195   0.160834   0.467059  -0.763285   0.346802   0.890227   0.184859 
   2.43883  -0.322877   -0.26065   -1.06183  -0.622069    1.06821 -0.0895371   0.145098   0.467205  -0.745328   0.350187   0.916731   0.154864 
   2.45846  -0.343826  -0.272564   -1.07177  -0.590623     1.0709 -0.0803632   0.129841   0.467281  -0.727077   0.352927    0.94193   0.123342 
   2.47786  -0.364709  -0.283711   -1.08069  -0.557713    1.07328 -0.0712976   0.115021   0.467304  -0.708568   0.355009   0.965668  0.0904092 
   2.49704  -0.385508  -0.294084    -1.0884  -0.523488    1.07534 -0.0623381   0.100598   0.467289  -0.689834   0.356422   0.987805  0.0561982 
   2.51599  -0.406207  -0.303679   -1.09475  -0.488104    1.07712 -0.0534805  0.0865298    0.46725  -0.670909   0.357159    1.00822  0.0208549 
   2.53474  -0.426788  -0.312496    -1.0996  -0.451729    1.07861  -0.044719   0.072775   0.467194   -0.65182   0.357216    1.02682 -0.0154646 
   2.55331  -0.447238  -0.320542   -1.10281  -0.414534    1.07983 -0.0360469  0.0592929   0.467131  -0.632596   0.356589    1.04352 -0.0525962 
    2.5717  -0.467542  -0.327822   -1.10431  -0.376695     1.0808 -0.0274559  0.0460431   0.467066  -0.613259   0.355278    1.05827 -0.0903708 
   2.58994   -0.48769  -0.334347     -1.104  -0.338387    1.08152 -0.0189373  0.0329861   0.467003  -0.593832   0.353284    1.07102  -0.128616 
   2.60805   -0.50767  -0.340127   -1.10184  -0.299789      1.082 -0.0104816   0.020083   0.466947  -0.574332   0.350609    1.08176  -0.167158 
   2.62604  -0.527471  -0.345175   -1.09779  -0.261073    1.08225 -0.00207886 0.00729551   0.466898  -0.554778   0.347254    1.09049  -0.205825 
   2.64395  -0.547083  -0.349504   -1.09183  -0.222411    1.08227 0.00628102 -0.00541393   0.466858  -0.535182   0.343223    1.09724  -0.244447 
   2.66179  -0.566497  -0.353128   -1.08396  -0.183967    1.08206  0.0146084 -0.0180825   0.466827  -0.515558   0.338519    1.10205   -0.28286 
   2.67958  -0.585705   -0.35606   -1.07421    -0.1459    1.08162  0.0229139 -0.0307471   0.466803  -0.495917   0.333146    1.10496  -0.320904 
   2.69735  -0.604696  -0.358317   -1.06262  -0.108359    1.08096  0.0312077 -0.0434443   0.466785  -0.476267   0.327109    1.10606  -0.358426 
   2.71511  -0.623463  -0.359911   -1.04922 -0.0714877    1.08008  0.0395004  -0.056211    0.46677  -0.456615   0.320411    1.10543  -0.395282 
    2.7329  -0.641997  -0.360858   -1.03408 -0.0354163    1.07896   0.047802  -0.069084   0.466753  -0.436967   0.313056    1.10317  -0.431337 
   2.75072  -0.660289  -0.361171   -1.01729 -0.00026609    1.07762  0.0561227 -0.0821007   0.466731  -0.417328   0.305048    1.09939  -0.466465 
   2.76861   -0.67833  -0.360865  -0.998918  0.0338526    1.07603  0.0644721 -0.0952991   0.466696    -0.3977   0.296393    1.09422  -0.500548 
   2.78659  -0.696112  -0.359954  -0.979064  0.0668409     1.0742  0.0728596  -0.108718   0.466641  -0.378086   0.287094    1.08778  -0.533482 
   2.80466  -0.713623  -0.358452   -0.95783  0.0986115    1.07211  0.0812942  -0.122396   0.466557  -0.358487   0.277158    1.08023  -0.565169 
   2.82286  -0.730855  -0.356373  -0.935322   0.129089    1.06976  0.0897842  -0.136375   0.466434  -0.338901   0.266589     1.0717  -0.595523 
    2.8412  -0.747796  -0.353731  -0.911653   0.158208    1.06713  0.0983372  -0.150695   0.466259  -0.319329   0.255394    1.06235  -0.624467 
    2.8597  -0.764435   -0.35054  -0.886941   0.185917     1.0642    0.10696    -0.1654   0.466016  -0.299768    0.24358    1.05234  -0.651932 
   2.87837  -0.780759  -0.346816  -0.861306   0.212174    1.06097   0.115659  -0.180533   0.465687  -0.280216   0.231157    1.04184  -0.677861 
   2.89723  -0.796756  -0.342572  -0.834871   0.236949    1.05742   0.124438  -0.196137   0.465253  -0.260669   0.218135    1.03101  -0.702202 
   2.91629   -0.81241  -0.337826  -0.807759   0.260222    1.05353     0.1333  -0.212258   0.464688  -0.241124   0.204526    1.02002   -0.72491 
   2.93556  -0.827709  -0.332594  -0.780095   0.281985    1.04929   0.142247  -0.228942   0.463965  -0.221577   0.190346    1.00904   -0.74595 
   2.95504  -0.842635  -0.326893  -0.752003   0.302241    1.04466    0.15128  -0.246232   0.463051  -0.202023   0.175614   0.998236  -0.765291 
   2.97475  -0.857174  -0.320744  -0.723606      0.321    1.03963   0.160394  -0.264175   0.461908  -0.182458    0.16035   0.987781  -0.782908 
   2.99468  -0.871308  -0.314167  -0.695025   0.338285    1.03418   0.169586  -0.282812   0.460494  -0.162876   0.144581   0.977837   -0.79878 
   3.01482  -0.885022  -0.307183  -0.666376   0.354129    1.02829   0.178849  -0.302184    0.45876  -0.143272   0.128334   0.968561  -0.812889 
   3.03519  -0.898299  -0.299817  -0.637772   0.368571    1.02194   0.188171  -0.322331   0.456651  -0.123639   0.111645   0.960103  -0.825222 
   3.05576  -0.911123  -0.292092  -0.609319    0.38166    1.01509   0.197541  -0.343286   0.454105  -0.103971  0.0945508   0.952605  -0.835765 
   3.07653  -0.923482  -0.284036  -0.581118   0.393454    1.00774   0.206943  -0.365078   0.451055 -0.0842602  0.0770934   0.946196  -0.844508 
   3.09748   -0.93536  -0.275676  -0.553261   0.404015    0.99986   0.216357  -0.387729   0.447423 -0.0644998  0.0593195    0.94099  -0.851438 
   3.11859  -0.946748  -0.267041   -0.52583   0.413413    0.99143   0.225761  -0.411255   0.443129 -0.0446816  0.0412797   0.937085  -0.856542 
   3.13985  -0.957635  -0.258159    -0.4989    0.42172   0.982432   0.235131  -0.435661   0.438083 -0.0247973  0.0230283   0.934561  -0.859803 
   3.16122  -0.968015   -0.24906  -0.472535   0.429014   0.972853   0.244437  -0.460941    0.43219 -0.00483847 0.00462319   0.933476  -0.861204 
    3.1827  -0.977881  -0.239775   -0.44679   0.435373   0.962678    0.25365  -0.487079    0.42535  0.0152028 -0.0138749   0.933868  -0.860723 
   3.20424  -0.987232  -0.230331  -0.421707   0.440876   0.951898   0.262734  -0.514042   0.417459  0.0353341 -0.0324027   0.935749  -0.858336 
   3.22583  -0.996068  -0.220759  -0.397321   0.445603   0.940506   0.271654  -0.541785    0.40841  0.0555618 -0.0508948   0.939106  -0.854013 
   3.24743   -1.00439  -0.211087  -0.373657    0.44963     0.9285   0.280371  -0.570242   0.398097  0.0758908 -0.0692844   0.943899  -0.847727 
   3.26901    -1.0122  -0.201342   -0.35073   0.453031   0.915881   0.288846  -0.599333   0.386414   0.096324  -0.087504   0.950063  -0.839446 
   3.29055   -1.01952   -0.19155  -0.328547    0.45588   0.902655   0.297036  -0.628958   0.373262   0.116862  -0.105486   0.957505  -0.829142 
   3.31202   -1.02634  -0.181736  -0.307109   0.458242   0.888834   0.304899  -0.658998   0.358548   0.137502  -0.123163   0.966107   -0.81679 
   3.33338   -1.03267  -0.171923  -0.286409   0.460182   0.874433   0.312394  -0.689316   0.342191    0.15824  -0.140471   0.975725  -0.802373 
   3.35462   -1.03854  -0.162133  -0.266432   0.461757   0.859474   0.319478  -0.719759   0.324124   0.179066  -0.157345   0.986191  -0.785881 
    3.3757   -1.04395  -0.152384  -0.247161    0.46302   0.843981   0.326112  -0.750158   0.304297   0.199969  -0.173728    0.99732  -0.767318 
    3.3966   -1.04892  -0.142693  -0.228572   0.464022   0.827984   0.332257  -0.780335   0.282679   0.220935  -0.189564    1.00891  -0.746701 
   3.41731   -1.05346  -0.133075  -0.210638   0.464803   0.811517   0.337878  -0.810101   0.259261   0.241947  -0.204803    1.02074  -0.724064 
    3.4378    -1.0576  -0.123543  -0.193326   0.465403   0.794614   0.342943  -0.839264   0.234057   0.262988  -0.219401    1.03259   -0.69946 
   3.45807   -1.06135  -0.114104  -0.176602   0.465856   0.777312   0.347425  -0.867634   0.207103   0.284036   -0.23332    1.04424  -0.672959 
   3.47811   -1.06472  -0.104766  -0.160431    0.46619   0.759651   0.351297  -0.895021    0.17846   0.305073  -0.246531    1.05545  -0.644649 
   3.49791   -1.06774 -0.0955337  -0.144772    0.46643   0.741666    0.35454  -0.921247   0.148207   0.326077  -0.259006    1.06602  -0.614637 
   3.51747   -1.07043 -0.0864077  -0.129586   0.466599   0.723397   0.357138  -0.946146   0.116446   0.347028   -0.27073    1.07573  -0.583044 
    3.5368   -1.07279 -0.0773878  -0.114832   0.466713   0.704877   0.359076  -0.969563  0.0832952   0.367909  -0.281688     1.0844  -0.550008 
    3.5559   -1.07484 -0.0684716  -0.100469   0.466788   0.686141   0.360346  -0.991365  0.0488892     0.3887  -0.291875    1.09183  -0.515677 
   3.57479   -1.07661 -0.0596546 -0.0864557   0.466836    0.66722   0.360941   -1.01143  0.0133742   0.409386  -0.301286    1.09789   -0.48021 
   3.59347   -1.07809 -0.0509311 -0.0727502   0.466867   0.648142   0.360856   -1.02967 -0.0230929    0.42995  -0.309925    1.10242  -0.443774 
   3.61197   -1.07931  -0.042294 -0.0593124   0.466888   0.628935   0.360089   -1.04601  -0.060348   0.450379  -0.317795    1.10532   -0.40654 
    3.6303   -1.08028 -0.0337352  -0.046102   0.466907    0.60962    0.35864   -1.06038 -0.0982216   0.470659  -0.324905    1.10648  -0.368685 
   3.64848     -1.081 -0.0252458 -0.0330797   0.466927   0.590219   0.356509   -1.07276  -0.136542    0.49078  -0.331263    1.10584  -0.330385 
   3.66654   -1.08148 -0.0168164 -0.0202069   0.466952   0.570751   0.353697   -1.08313  -0.175135   0.510729  -0.336881    1.10334  -0.291817 
   3.68448   -1.08173 -0.00843713 -0.00744556   0.466985   0.551231   0.350209    -1.0915   -0.21383   0.530496  -0.341772    1.09894  -0.253154 
   3.70234   -1.08175 -9.77937e-05 0.00524183   0.467026   0.531674   0.346045   -1.09789  -0.252459   0.550073  -0.345948    1.09264  -0.214567 
   3.72013   -1.08154 0.00821192  0.0178923   0.467075   0.512093   0.341211   -1.10234  -0.290856   0.569449  -0.349423    1.08444  -0.176219 
   3.73788   -1.08111  0.0165024  0.0305425   0.467131   0.492496    0.33571   -1.10491  -0.328864   0.588615  -0.352212    1.07436  -0.138267 
   3.75561   -1.08046  0.0247841  0.0432291   0.467194   0.472894   0.329545   -1.10567  -0.366331   0.607564  -0.354329    1.06244  -0.100862 
   3.77333   -1.07958  0.0330674  0.0559888   0.467259   0.453293   0.322721   -1.10472  -0.403115   0.626286  -0.355789    1.04873 -0.0641438 
   3.79109   -1.07847  0.0413624  0.0688585   0.467324   0.433699   0.315242   -1.10216  -0.439082   0.644772  -0.356605     1.0333  -0.028242 
   3.80888   -1.07713  0.0496792  0.0818757   0.467383   0.414115   0.307112   -1.09809  -0.474107   0.663015  -0.356791    1.01621 0.00672335 
   3.82674   -1.07555  0.0580274  0.0950784   0.467432   0.394545   0.298335   -1.09265  -0.508075   0.681005  -0.356363   0.997567  0.0406434 
   3.84469   -1.07372  0.0664166   0.108505   0.467461   0.374991   0.288916   -1.08596  -0.540882   0.698734  -0.355333   0.977452  0.0734208 
   3.86274   -1.07164  0.0748555   0.122196   0.467463   0.355453   0.278861   -1.07817  -0.572433   0.716191  -0.353716   0.955971    0.10497 
   3.88092    -1.0693  0.0833526   0.136192   0.467427    0.33593   0.268173   -1.06942  -0.602643   0.733366  -0.351526   0.933233   0.135216 
   3.89924   -1.06667  0.0919156   0.150534   0.467341   0.316422   0.256861   -1.05988  -0.631437   0.750249  -0.348777   0.909349   0.164097 
   3.91772   -1.06375   0.100551   0.165265   0.467188   0.296926   0.244931    -1.0497  -0.658749   0.766828  -0.345482   0.884439    0.19156 
   3.93638   -1.06053   0.109266   0.180429   0.466953    0.27744   0.232392   -1.03905  -0.684521    0.78309  -0.341658   0.858623   0.217568 
   3.95522   -1.05698   0.118063   0.196071   0.466614   0.257961   0.219255   -1.02809  -0.708703   0.799023  -0.337318   0.832022   0.242089 
   3.97427    -1.0531   0.126947   0.212235   0.466146   0.238485   0.205533     -1.017  -0.731253   0.814612  -0.332479   0.804762   0.265106 
   3.99353   -1.04885   0.135918   0.228969   0.465523   0.219008   0.191241   -1.00594  -0.752136   0.829843  -0.327159   0.776967   0.286613 
     4.013   -1.04423   0.144977   0.246316   0.464711   0.199526   0.176397  -0.995076  -0.771322   0.844699  -0.321374   0.748761   0.306611 
    4.0327    -1.0392   0.154121   0.264321   0.463672   0.180033   0.161023  -0.984588  -0.788787   0.859166  -0.315144   0.720266   0.325114 
   4.05261   -1.03375   0.163344   0.283029   0.462365   0.160525   0.145146  -0.974634  -0.804511   0.873226   -0.30849   0.691604   0.342146 
   4.07275   -1.02786    0.17264   0.302481   0.460739   0.140996   0.128795  -0.965372  -0.818479   0.886862  -0.301435   0.662891    0.35774 
    4.0931    -1.0215   0.181999   0.322714    0.45874    0.12144   0.112004  -0.956953  -0.830675   0.900059  -0.294002    0.63424   0.371936 
   4.11366   -1.01465   0.191406   0.343763   0.456306    0.10185  0.0948114  -0.949519   -0.84109   0.912802  -0.286217   0.605756   0.384784 
   4.13441    -1.0073   0.200846   0.365656   0.453367   0.082221  0.0772606  -0.943196  -0.849711   0.925075  -0.278106   0.577541   0.396343 
   4.15533  -0.999409   0.210299   0.388416   0.449849  0.0625443  0.0593989    -0.9381  -0.856526   0.936865  -0.269698   0.549684   0.406677 
   4.17642  -0.990975   0.219743   0.412057   0.445668  0.0428128  0.0412776  -0.934328  -0.861523   0.948162   -0.26102   0.522271   0.415855 
   4.19764  -0.981974   0.229152   0.436584   0.440735  0.0230186  0.0229522  -0.931958  -0.864686   0.958956  -0.252104   0.495374   0.423951 
   4.21897  -0.972393   0.238497   0.461991   0.434955 0.00315403 0.00448114  -0.931048  -0.865998   0.969239  -0.242978   0.469056   0.431042 
   4.24039  -0.962219   0.247747   0.488259   0.428228 -0.0167885 -0.0140738  -0.931631  -0.865436   0.979008  -0.233674   0.443372   0.437209 
   4.26187  -0.951444   0.256869   0.515356   0.420449 -0.0368158 -0.0326486   -0.93372  -0.862978    0.98826   -0.22422   0.418364   0.442529 
   4.28339  -0.940061   0.265824   0.543232   0.411511 -0.0569337 -0.0511773  -0.937297  -0.858594   0.996995  -0.214647   0.394065   0.447083 
    4.3049  -0.928069   0.274575   0.571822    0.40131 -0.0771465 -0.0695927  -0.942322  -0.852257    1.00522  -0.204982     0.3705   0.450947 
   4.32639  -0.915471   0.283082   0.601044   0.389739 -0.0974565 -0.0878272  -0.948726  -0.843936    1.01293  -0.195254   0.347682   0.454197 
   4.34782  -0.902275   0.291302   0.630796   0.376701  -0.117864  -0.105813  -0.956414  -0.833604    1.02014  -0.185489   0.325618   0.456903 
   4.36916  -0.888493   0.299195   0.660958   0.362103  -0.138365  -0.123484  -0.965265  -0.821236    1.02686  -0.175711   0.304307   0.459133 
   4.39039  -0.874141   0.306719   0.691392   0.345866  -0.158955  -0.140776  -0.975132  -0.806817     1.0331  -0.165943    0.28374    0.46095 
   4.41148  -0.859242   0.313832   0.721945   0.327925  -0.179625  -0.157626  -0.985848  -0.790337    1.03887  -0.156206   0.263903   0.462412 
    4.4324  -0.843821   0.320496   0.752449    0.30823  -0.200363  -0.173976  -0.997225    -0.7718    1.04418   -0.14652   0.244776    0.46357 
   4.45313  -0.827909   0.326673   0.782724   0.286752  -0.221156  -0.189774   -1.00906  -0.751226    1.04906  -0.136899   0.226334   0.464474 
   4.47365  -0.811538    0.33233   0.812584   0.263483  -0.241987  -0.204971   -1.02113  -0.728648    1.05352  -0.127359   0.208549   0.465165 
   4.49395  -0.794743   0.337434   0.841839   0.238437  -0.262839  -0.219525   -1.03323  -0.704118    1.05758   -0.11791   0.191389    0.46568 
   4.51402  -0.777562    0.34196   0.870298   0.211651  -0.283692    -0.2334   -1.04512  -0.677705    1.06125  -0.108561   0.174817   0.466054 
   4.53384  -0.760032   0.345884   0.897778   0.183184  -0.304528  -0.246567   -1.05658  -0.649498    1.06456 -0.0993175   0.158797   0.466314 
   4.55343  -0.742189   0.349186   0.924101   0.153115  -0.325327  -0.259002   -1.06739  -0.619599    1.06752 -0.0901839   0.143289   0.466485 
   4.57277   -0.72407   0.351851   0.949102   0.121544  -0.346071   -0.27069   -1.07736  -0.588131    1.07014 -0.0811608   0.128253   0.466587 
   4.59187  -0.705709   0.353866   0.972631  0.0885878  -0.366741  -0.281619   -1.08628  -0.555225    1.07245  -0.072247   0.113648   0.466638 
   4.61074  -0.687138   0.355223   0.994555  0.0543777  -0.387321  -0.291783   -1.09399  -0.521029    1.07446 -0.0634396  0.0994328   0.466651 
    4.6294  -0.668389   0.355915    1.01476  0.0190578  -0.407796  -0.301181   -1.10032  -0.485698    1.07618 -0.0547338  0.0855654    0.46664 
   4.64785  -0.649487   0.355937    1.03314 -0.0172181  -0.428151  -0.309814   -1.10515  -0.449395    1.07764 -0.0461234  0.0720053   0.466613 
   4.66611  -0.630458   0.355289    1.04963 -0.0542883  -0.448373  -0.317688   -1.10835   -0.41229    1.07883 -0.0376011   0.058712   0.466579 
   4.68421  -0.611325    0.35397    1.06418 -0.0919862  -0.468449  -0.324811   -1.10982  -0.374555    1.07977 -0.0291586   0.045646   0.466542 
   4.70215  -0.592108    0.35198    1.07674  -0.130142   -0.48837  -0.331193   -1.10951  -0.336365    1.08048  -0.020787  0.0327684   0.466507 
   4.71997  -0.572824   0.349321     1.0873  -0.168585  -0.508124  -0.336844   -1.10734  -0.297892    1.08095 -0.0124769  0.0200411   0.466477 
   4.73767  -0.553489   0.345996    1.09586  -0.207145  -0.527702  -0.341778   -1.10329   -0.25931    1.08119 -0.0042182 0.00742669   0.466455 
   4.75529  -0.534117   0.342008    1.10246  -0.245656  -0.547094  -0.346007   -1.09734  -0.220785    1.08121 0.00399903 -0.00511148   0.466441 
   4.77284  -0.514719    0.33736    1.10711  -0.283954  -0.566293  -0.349545   -1.08951  -0.182482    1.08101  0.0121851 -0.0176097   0.466435 
   4.79035  -0.495306   0.332056     1.1099  -0.321882  -0.585288  -0.352406   -1.07979  -0.144555    1.08059  0.0203502 -0.0301039   0.466437 
   4.80783  -0.475886   0.326099    1.11087  -0.359289  -0.604073  -0.354604   -1.06824  -0.107154    1.07996  0.0285048 -0.0426298   0.466444 
   4.82531  -0.456466   0.319494    1.11013  -0.396035  -0.622638  -0.356153    -1.0549 -0.0704188     1.0791   0.036659 -0.0552232   0.466454 
   4.84281   -0.43705   0.312244    1.10776  -0.431984  -0.640976  -0.357067   -1.03984 -0.0344786    1.07803  0.0448228 -0.0679202   0.466463 
   4.86036  -0.417644   0.304353    1.10388  -0.467013  -0.659079   -0.35736   -1.02312 0.000546656    1.07672  0.0530062  -0.080757   0.466466 
   4.87796   -0.39825   0.295827    1.09861  -0.501007  -0.676937  -0.357045   -1.00484  0.0345483    1.07519  0.0612188 -0.0937708   0.466459 
   4.89565  -0.378869   0.286668    1.09209  -0.533861  -0.694543  -0.356138   -0.98509  0.0674289    1.07341  0.0694698  -0.106999   0.466433 
   4.91344  -0.359502   0.276881    1.08444  -0.565482  -0.711888   -0.35465  -0.963961  0.0991022    1.07139  0.0777684  -0.120481   0.466379 
   4.93136  -0.340148   0.266472    1.07582  -0.595783  -0.728961  -0.352595  -0.941565   0.129494    1.06911  0.0861227  -0.134255   0.466289 
   4.94941  -0.320806   0.255447    1.06638   -0.62469  -0.745753  -0.349987  -0.918012    0.15854    1.06656  0.0945406  -0.148363    0.46615 
   4.96763  -0.301473   0.243811    1.05626  -0.652136  -0.762252   -0.34684  -0.893417   0.186189    1.06373   0.103029  -0.162846   0.465947 
   4.98601  -0.282147   0.231573    1.04565  -0.678064  -0.778448  -0.343168  -0.867899   0.212401     1.0606   0.111595  -0.177748   0.465664 
   5.00459  -0.262824   0.218743    1.03469  -0.702424  -0.794328  -0.338984  -0.841577   0.237144    1.05715   0.120242   -0.19311    0.46528 
   5.02337    -0.2435   0.205331    1.02355  -0.725174  -0.809879  -0.334305  -0.814573   0.260401    1.05338   0.128974  -0.208979   0.464773 
   5.04236  -0.224171   0.191351    1.01241  -0.746278  -0.825086  -0.329145  -0.787009   0.282161    1.04926   0.137794  -0.225399   0.464117 
   5.06156   -0.20483    0.17682    1.00142  -0.765707  -0.839935  -0.323522  -0.759006   0.302428    1.04477   0.146702  -0.242416   0.463279 
     5.081  -0.185474   0.161756   0.990757  -0.783435  -0.854411  -0.317453  -0.730684    0.32121    1.03988   0.155697  -0.260073   0.462224 
   5.10066  -0.166096   0.146185   0.980577  -0.799443  -0.868497  -0.310959  -0.702163   0.338531    1.03459   0.164774  -0.278414   0.460912 
   5.12055  -0.146689   0.130131   0.971038  -0.813714  -0.882178  -0.304059  -0.673555   0.354419    1.02887   0.173928  -0.297482   0.459295 
   5.14067  -0.127248   0.113626    0.96229  -0.826234  -0.895438  -0.296775  -0.644973   0.368914    1.02269   0.183149  -0.317316    0.45732 
     5.161  -0.107766  0.0967065   0.954474  -0.836991  -0.908261  -0.289133  -0.616522   0.382063    1.01603   0.192426  -0.337952   0.454928 
   5.18155 -0.0882342  0.0794109   0.947721  -0.845973  -0.920634  -0.281155    -0.5883    0.39392    1.00887   0.201744  -0.359421   0.452053 
   5.20228 -0.0686456  0.0617836   0.942148  -0.853167  -0.932541  -0.272869    -0.5604   0.404546    1.00119   0.211086  -0.381748   0.448621 
    5.2232 -0.0489918  0.0438728   0.937856   -0.85856  -0.943971  -0.264302  -0.532906   0.414008   0.992963    0.22043   -0.40495   0.444552 
   5.24428 -0.0292645  0.0257309    0.93493  -0.862136  -0.954914  -0.255483  -0.505892   0.422377   0.984178   0.229752  -0.429039   0.439759 
   5.26549 -0.00945507 0.00741371   0.933434  -0.863877  -0.965361  -0.246439  -0.479423   0.429728   0.974816   0.239026  -0.454011   0.434148 
   5.28682  0.0104446 -0.0110193   0.933411   -0.86376  -0.975306  -0.237201  -0.453557   0.436139   0.964861    0.24822  -0.479854   0.427621 
   5.30823   0.030442 -0.0295061   0.934881  -0.861759  -0.984745  -0.227796  -0.428338   0.441686   0.954303   0.257303  -0.506542   0.420073 
   5.32971  0.0505439  -0.047982   0.937836  -0.857846  -0.993676  -0.218255  -0.403803   0.446449   0.943133   0.266237  -0.534033   0.411398 
   5.35122  0.0707552 -0.0663806   0.942248  -0.851991    -1.0021  -0.208605   -0.37998   0.450502   0.931346   0.274986  -0.562268   0.401488 
   5.37273   0.091079 -0.0846342   0.948056   -0.84416   -1.01002  -0.198875  -0.356886   0.453922   0.918944   0.283509  -0.591171   0.390238 
   5.39421   0.111516  -0.102675   0.955177  -0.834323   -1.01745  -0.189089  -0.334531   0.456779    0.90593   0.291764  -0.620646   0.377545 
   5.41564   0.132064  -0.120435   0.963499  -0.822454   -1.02438  -0.179274  -0.312918   0.459141   0.892314   0.299709  -0.650581   0.363313 
   5.43698   0.152718  -0.137847   0.972885  -0.808529   -1.03083  -0.169454  -0.292042   0.461071   0.878111   0.307302  -0.680842   0.347457 
    5.4582    0.17347  -0.154848   0.983173  -0.792536   -1.03681  -0.159651  -0.271893   0.462629    0.86334   0.314499   -0.71128   0.329907 
   5.47928   0.194308  -0.171376   0.994182  -0.774474   -1.04233  -0.149884  -0.252452   0.463869   0.848026    0.32126   -0.74173   0.310605 
   5.50019   0.215218  -0.187375    1.00571  -0.754355   -1.04742  -0.140171  -0.233699   0.464839   0.832197   0.327546  -0.772013   0.289516 
   5.52092   0.236183  -0.202791    1.01755  -0.732209   -1.05207  -0.130528  -0.215608   0.465585   0.815886   0.333319  -0.801942   0.266624 
   5.54144   0.257184  -0.217579    1.02947  -0.708082   -1.05631  -0.120968  -0.198147   0.466144   0.799127   0.338547  -0.831324   0.241938 
   5.56174   0.278202    -0.2317    1.04125  -0.682039   -1.06016    -0.1115  -0.181285   0.466551   0.781958     0.3432  -0.859968   0.215488 
   5.58181   0.299216  -0.245119    1.05267  -0.654165   -1.06363  -0.102134  -0.164984   0.466837   0.764418   0.347252  -0.887681   0.187328 
   5.60164   0.320204   -0.25781    1.06349   -0.62456   -1.06675 -0.0928721  -0.149207   0.467027   0.746544   0.350682  -0.914282   0.157533 
   5.62124   0.341146  -0.269752    1.07351  -0.593343   -1.06952 -0.0837186  -0.133914   0.467143   0.728374   0.353471    -0.9396     0.1262 
    5.6406   0.362023  -0.280933    1.08254  -0.560647   -1.07197  -0.074673  -0.119064   0.467204   0.709945   0.355606  -0.963476  0.0934435 
   5.65973   0.382817  -0.291342    1.09039  -0.526618   -1.07411 -0.0657333  -0.104617   0.467224    0.69129   0.357076  -0.985772  0.0593939 
   5.67865   0.403509  -0.300977    1.09689  -0.491411   -1.07595 -0.0568957 -0.0905297   0.467216   0.672442   0.357873   -1.00636  0.0241951 
   5.69736   0.424085  -0.309839    1.10191  -0.455192   -1.07752 -0.0481546 -0.0767622   0.467191   0.653431   0.357993   -1.02515 -0.0119985 
   5.71588    0.44453   -0.31793    1.10532  -0.418132   -1.07881 -0.0395032 -0.0632732   0.467157   0.634282   0.357433   -1.04205 -0.0490242 
   5.73422    0.46483  -0.325259    1.10702  -0.380405   -1.07985 -0.0309337 -0.0500226   0.467119   0.615021   0.356193     -1.057 -0.0867136 
   5.75241   0.484974  -0.331834    1.10694  -0.342188   -1.08064 -0.0224374 -0.0369706   0.467083   0.595668   0.354271   -1.06997  -0.124895 
   5.77046    0.50495  -0.337666      1.105  -0.303657   -1.08119 -0.0140048 -0.0240786   0.467053   0.576243   0.351671   -1.08092  -0.163396 
    5.7884   0.524748  -0.342768    1.10118  -0.264986   -1.08151 -0.00562626 -0.0113083   0.467029   0.556762   0.348395   -1.08988  -0.202043 
   5.80625   0.544357  -0.347153    1.09546  -0.226346    -1.0816 0.00270844 0.00137789   0.467014   0.537241   0.344445   -1.09684  -0.240668 
   5.82403    0.56377  -0.350834    1.08784  -0.187903   -1.08146  0.0110096  0.0140169   0.467008   0.517691   0.339825   -1.10185  -0.279104 
   5.84175   0.582977  -0.353826    1.07833  -0.149816    -1.0811  0.0192876  0.0266455   0.467009   0.498124   0.334538   -1.10497  -0.317193 
   5.85945   0.601969  -0.356142    1.06696  -0.112236   -1.08052  0.0275528  0.0393002   0.467017   0.478549    0.32859   -1.10626  -0.354781 
   5.87714   0.620738  -0.357798     1.0538 -0.0753057   -1.07971  0.0358157  0.0520175   0.467028   0.458973   0.321983   -1.10581  -0.391722 
   5.89485   0.639275  -0.358808    1.03889 -0.0391575   -1.07868  0.0440863  0.0648341   0.467038   0.439401   0.314721   -1.10372  -0.427881 
    5.9126   0.657572  -0.359185    1.02231 -0.0039142   -1.07741  0.0523748   0.077787   0.467044   0.419839    0.30681    -1.1001  -0.463129 
    5.9304    0.67562  -0.358945    1.00415  0.0303129   -1.07591  0.0606909   0.090914   0.467039    0.40029   0.298254   -1.09506  -0.497351 
   5.94829    0.69341  -0.358101    0.98449  0.0634236   -1.07416  0.0690441   0.104253   0.467015   0.380755   0.289057   -1.08874  -0.530439 
   5.96627   0.710933  -0.356667    0.96344  0.0953292   -1.07217  0.0774433   0.117844   0.466966   0.361236   0.279223   -1.08128  -0.562295 
   5.98438   0.728179  -0.354656   0.941104   0.125953   -1.06991  0.0858971   0.131726   0.466879   0.341732   0.268759   -1.07283  -0.592832 
   6.00262   0.745137  -0.352084   0.917593   0.155228   -1.06738  0.0944133   0.145941   0.466744   0.322242   0.257671   -1.06353  -0.621972 
   6.02102   0.761796  -0.348964   0.893023   0.183102   -1.06456   0.102999    0.16053   0.466545   0.302764   0.245965   -1.05355  -0.649647 
   6.03959   0.778145  -0.345311   0.867514   0.209532   -1.06144    0.11166   0.175538   0.466265   0.283296   0.233651   -1.04305  -0.675797 
   6.05834   0.794171  -0.341139   0.841188   0.234485   -1.05801   0.120402   0.191008   0.465885   0.263835   0.220737    -1.0322   -0.70037 
    6.0773    0.80986  -0.336464   0.814167   0.257941   -1.05424   0.129228   0.206984   0.465382   0.244376   0.207236   -1.02115  -0.723323 
   6.09646   0.825197  -0.331302   0.786577   0.279891   -1.05011   0.138139   0.223512   0.464727   0.224916   0.193163   -1.01009  -0.744618 
   6.11584   0.840168  -0.325672   0.758539   0.300334   -1.04562   0.147138   0.240638    0.46389    0.20545   0.178534  -0.999176  -0.764224 
   6.13544   0.854757  -0.319591   0.730176   0.319282   -1.04073   0.156221   0.258404   0.462834   0.185972   0.163371  -0.988581  -0.782116 
   6.15526   0.868948   -0.31308   0.701609   0.336755   -1.03543   0.165384   0.276857   0.461519   0.166478   0.147696  -0.978466  -0.798274 
   6.17531   0.882725   -0.30616   0.672955   0.352783   -1.02969   0.174622   0.296036   0.459896   0.146962   0.131539   -0.96899  -0.812679 
   6.19558   0.896072  -0.298855   0.644325   0.367405   -1.02349   0.183924   0.315981   0.457913   0.127416   0.114931  -0.960306  -0.825317 
   6.21605   0.908973  -0.291187   0.615827   0.380668   -1.01681   0.193279   0.336727   0.455509   0.107835  0.0979079  -0.952555  -0.836177 
   6.23674   0.921413  -0.283183   0.587562   0.392628   -1.00962   0.202672   0.358306   0.452618  0.0882104  0.0805114  -0.945868  -0.845247 
    6.2576   0.933381  -0.274871   0.559622   0.403347   -1.00192   0.212085   0.380741   0.449167  0.0685351  0.0627862  -0.940363  -0.852514 
   6.27865   0.944862  -0.266277   0.532092   0.412893  -0.993663   0.221496    0.40405   0.445073  0.0488006  0.0447814  -0.936142  -0.857966 
   6.29984   0.955849  -0.257431   0.505048   0.421337  -0.984847   0.230881   0.428241    0.44025  0.0289986  0.0265501  -0.933289  -0.861587 
   6.32116   0.966332  -0.248362   0.478554   0.428756  -0.975452   0.240213   0.453312   0.434604 0.00912021 0.00814887  -0.931866  -0.863359 
   6.34259   0.976306  -0.239099   0.452668   0.435227  -0.965463   0.249461   0.479249   0.428036 -0.0108428 -0.0103625  -0.931917  -0.863262 
    6.3641   0.985768  -0.229671   0.427435   0.440829   -0.95487   0.258593   0.506024   0.420441 -0.0308984 -0.0289214  -0.933459   -0.86127 
   6.38567   0.994717  -0.220109   0.402891   0.445641  -0.943664   0.267572   0.533595   0.411715 -0.0510536 -0.0474633  -0.936486  -0.857356 
   6.40726    1.00315  -0.210439   0.379062   0.449741  -0.931841    0.27636   0.561902   0.401748 -0.0713137 -0.0659215  -0.940964  -0.851489 
   6.42885    1.01108  -0.200689   0.355966   0.453203  -0.919402   0.284918   0.590869   0.390436 -0.0916824 -0.0842287  -0.946834  -0.843639 
    6.4504    1.01851  -0.190887   0.333612   0.456099  -0.906351   0.293204   0.620399   0.377676  -0.112161  -0.102317  -0.954011  -0.833775 
   6.47189    1.02545  -0.181057   0.312001   0.458498  -0.892699   0.301176   0.650379   0.363374  -0.132747  -0.120119  -0.962381  -0.821872 
   6.49329     1.0319  -0.171222   0.291129   0.460463  -0.878459   0.308791   0.680676   0.347444  -0.153437  -0.137569  -0.971805  -0.807907 
   6.51457    1.03787  -0.161404   0.270984   0.462054  -0.863651   0.316006   0.711139   0.329816  -0.174223  -0.154603  -0.982123   -0.79187 
   6.53571    1.04339  -0.151623   0.251548   0.463325  -0.848299   0.322782   0.741604   0.310434  -0.195094   -0.17116  -0.993152  -0.773759 
   6.55668    1.04847  -0.141897   0.232799   0.464325  -0.832433    0.32908   0.771892   0.289264  -0.216035  -0.187183   -1.00469  -0.753589 
   6.57745    1.05311   -0.13224    0.21471   0.465099  -0.816083   0.334861   0.801817   0.266289  -0.237031  -0.202621   -1.01653  -0.731388 
   6.59802    1.05735  -0.122666   0.197251   0.465685  -0.799285   0.340095   0.831187    0.24152  -0.258064  -0.217429   -1.02844  -0.707205 
   6.61837    1.06119  -0.113184   0.180388   0.466119  -0.782077    0.34475   0.859808   0.214987  -0.279113  -0.231566    -1.0402  -0.681105 
    6.6385    1.06465  -0.103801   0.164086   0.466429  -0.764495   0.348802   0.887491   0.186744  -0.300159     -0.245   -1.05158  -0.653174 
   6.65838    1.06776 -0.0945238   0.148305   0.466643  -0.746579   0.352228   0.914054   0.156868  -0.321179  -0.257704   -1.06236  -0.623512 
   6.67803    1.07052  -0.085353   0.133006   0.466782  -0.728365    0.35501   0.939326   0.125456  -0.342155  -0.269657   -1.07233  -0.592239 
   6.69745    1.07296  -0.076289   0.118149   0.466865   -0.70989   0.357136    0.96315  0.0926234  -0.363067  -0.280847    -1.0813  -0.559488 
   6.71663    1.07508 -0.0673299   0.103691   0.466907  -0.691189   0.358593   0.985385  0.0585007  -0.383896  -0.291264   -1.08908  -0.525407 
   6.73561    1.07692 -0.0584717  0.0895923    0.46692  -0.672292   0.359376    1.00591  0.0232326  -0.404625  -0.300904    -1.0955  -0.490153 
   6.75437    1.07847 -0.0497089   0.075811   0.466915  -0.653231   0.359478    1.02463 -0.0130255  -0.425238  -0.309769   -1.10044   -0.45389 
   6.77295    1.07975 -0.0410346  0.0623062   0.466901  -0.634031   0.358896    1.04145 -0.0501106   -0.44572  -0.317862   -1.10376   -0.41679 
   6.79136    1.08077 -0.0324411  0.0490377   0.466883  -0.614717   0.357631    1.05633 -0.0878537  -0.466058   -0.32519   -1.10536  -0.379029 
   6.80961    1.08155 -0.0239195   0.035966   0.466866   -0.59531   0.355682    1.06921  -0.126083   -0.48624  -0.331762   -1.10517  -0.340783 
   6.82773    1.08208 -0.0154606   0.023052   0.466855   -0.57583    0.35305    1.08008  -0.164624  -0.506255   -0.33759   -1.10313   -0.30223 
   6.84573    1.08238 -0.00705442  0.0102576    0.46685  -0.556294   0.349739    1.08895  -0.203306  -0.526091  -0.342685   -1.09921  -0.263544 
   6.86365    1.08245 0.00130903 -0.00245478   0.466854  -0.536715   0.345751    1.09583  -0.241958  -0.545739   -0.34706   -1.09337  -0.224896 
   6.88149     1.0823 0.00964014 -0.0151225   0.466867  -0.517108    0.34109    1.10075  -0.280414   -0.56519   -0.35073   -1.08563  -0.186452 
   6.89929    1.08192  0.0179493 -0.0277822   0.466887  -0.497482   0.335758    1.10379  -0.318516  -0.584434  -0.353708     -1.076  -0.148371 
   6.91706    1.08131   0.026247 -0.0404708   0.466913  -0.477846   0.329761      1.105  -0.356109  -0.603463  -0.356008   -1.06453  -0.110804 
   6.93483    1.08048  0.0345436 -0.0532249   0.466943  -0.458209   0.323102    1.10447  -0.393049  -0.622268  -0.357646   -1.05124 -0.0738936 
   6.95262    1.07942  0.0428494 -0.0660815   0.466973  -0.438577   0.315786     1.1023    -0.4292   -0.64084  -0.358635   -1.03622 -0.0377723 
   6.97045    1.07812  0.0511743 -0.0790779   0.466997  -0.418952   0.307815    1.09861  -0.464435  -0.659171   -0.35899   -1.01953 -0.00256218 
   6.98833    1.07659  0.0595283 -0.0922521   0.467012   -0.39934   0.299196    1.09351  -0.498637  -0.677252  -0.358724   -1.00125  0.0316255 
    7.0063    1.07481  0.0679208  -0.105643   0.467008  -0.379741   0.289932    1.08713  -0.531699  -0.695074  -0.357853  -0.981487  0.0646909 
   7.02438    1.07278  0.0763607  -0.119289   0.466978  -0.360156   0.280029    1.07962  -0.563523  -0.712626  -0.356389  -0.960332  0.0965456 
   7.04257    1.07049  0.0848567  -0.133232   0.466911  -0.340586   0.269491    1.07113  -0.594024    -0.7299  -0.354348  -0.937893   0.127113 
   7.06091    1.06791  0.0934165  -0.147513   0.466794   -0.32103   0.258325     1.0618  -0.623122  -0.746884  -0.351742  -0.914284   0.156327 
    7.0794    1.06505   0.102047  -0.162175   0.466614  -0.301485   0.246539     1.0518  -0.650749  -0.763566  -0.348586  -0.889621   0.184135 
   7.09806    1.06189   0.110755   -0.17726   0.466353   -0.28195   0.234141    1.04128  -0.676847  -0.779935  -0.344895  -0.864023   0.210494 
   7.11692     1.0584   0.119544  -0.192814    0.46599   -0.26242    0.22114    1.03043  -0.701363  -0.795978  -0.340684  -0.837615   0.235373 
   7.13597    1.05457   0.128418  -0.208882   0.465503  -0.242893    0.20755     1.0194  -0.724253   -0.81168  -0.335968  -0.810519    0.25875 
   7.15523    1.05039   0.137379  -0.225509   0.464863  -0.223365   0.193386    1.00837  -0.745481  -0.827027  -0.330765  -0.782859   0.280618 
   7.17471    1.04583   0.146427   -0.24274   0.464038  -0.203831   0.178665   0.997502  -0.765014  -0.842002  -0.325092  -0.754761   0.300976 
   7.19441    1.04088   0.155559  -0.260621   0.462993  -0.184286   0.163409   0.986969  -0.782828  -0.856591  -0.318968  -0.726348   0.319835 
   7.21433     1.0355   0.164772  -0.279195   0.461684  -0.164725   0.147643   0.976935  -0.798902  -0.870777  -0.312415   -0.69774   0.337218 
   7.23448    1.02969   0.174058  -0.298504   0.460064  -0.145143   0.131394   0.967559  -0.813217  -0.884543  -0.305452  -0.669055   0.353154 
   7.25484    1.02341   0.183407  -0.318586   0.458078  -0.125534   0.114698   0.958992  -0.825761  -0.897873  -0.298106  -0.640406   0.367683 
   7.27541    1.01664   0.192808  -0.339476   0.455667  -0.105891  0.0975915   0.951378   -0.83652   -0.91075  -0.290399  -0.611902   0.380854 
   7.29618    1.00937   0.202243  -0.361204   0.452761 -0.0862071  0.0801163   0.944847  -0.845483  -0.923162  -0.282359  -0.583643   0.392722 
   7.31713    1.00157   0.211694  -0.383794   0.449287 -0.0664758  0.0623192   0.939517  -0.852638  -0.935093  -0.274014  -0.555722   0.403351 
   7.33824   0.993221    0.22114  -0.407262   0.445163 -0.0466891  0.0442508   0.935487  -0.857972  -0.946532  -0.265391  -0.528225   0.412809 
    7.3595   0.984309   0.230555  -0.431614     0.4403 -0.0268389  0.0259656    0.93284  -0.861469   -0.95747  -0.256521  -0.501227   0.421169 
   7.38088   0.974816   0.239912  -0.456845   0.434605 -0.00691737  0.0075215   0.931638  -0.863112  -0.967899  -0.247433  -0.474793   0.428507 
   7.40235    0.96473   0.249178  -0.482941   0.427977  0.0130834 -0.0110204   0.931919   -0.86288  -0.977813  -0.238158  -0.448979   0.434903 
   7.42389    0.95404   0.258321   -0.50987   0.420312  0.0331706 -0.0295965   0.933699  -0.860748  -0.987211  -0.228725  -0.423829   0.440436 
   7.44548    0.94274   0.267304  -0.537588   0.411504  0.0533505 -0.0481411   0.936968   -0.85669   -0.99609  -0.219163   -0.39938   0.445185 
   7.46707   0.930827   0.276089  -0.566032   0.401447  0.0736278 -0.0665873   0.941688  -0.850676   -1.00446  -0.209502  -0.375656   0.449228 
   7.48865   0.918303   0.284635  -0.595122   0.390035  0.0940054  -0.084867   0.947796  -0.842676   -1.01231  -0.199768  -0.352674    0.45264 
   7.51018   0.905175   0.292902   -0.62476   0.377168   0.114484  -0.102913   0.955203  -0.832662   -1.01966   -0.18999  -0.330442   0.455494 
   7.53163   0.891453   0.300847   -0.65483   0.362752   0.135061  -0.120657   0.963791  -0.820608   -1.02651  -0.180191  -0.308961   0.457856 
   7.55298   0.877153   0.308429  -0.685196   0.346706   0.155731  -0.138034   0.973419  -0.806497   -1.03288  -0.170394  -0.288223   0.459791 
   7.57419   0.862296   0.315605  -0.715707   0.328959   0.176487  -0.154982   0.983923  -0.790318   -1.03878  -0.160622  -0.268216   0.461358 
   7.59524   0.846907   0.322335  -0.746196   0.309462   0.197316  -0.171441   0.995117  -0.772072   -1.04422  -0.150894  -0.248922   0.462611 
   7.61612   0.831016   0.328583  -0.776485   0.288179   0.218206  -0.187356     1.0068  -0.751777   -1.04922  -0.141227  -0.230315   0.463598 
   7.63679   0.814655   0.334311  -0.806389   0.265101    0.23914  -0.202677    1.01876  -0.729463    -1.0538  -0.131635   -0.21237   0.464362 
   7.65724   0.797859    0.33949  -0.835715   0.240236   0.260101   -0.21736    1.03077   -0.70518   -1.05796   -0.12213  -0.195054   0.464944 
   7.67747   0.780666    0.34409  -0.864274    0.21362   0.281068  -0.231368    1.04261  -0.678996   -1.06173  -0.112721  -0.178333   0.465376 
   7.69745   0.763112   0.348086  -0.891877   0.185308   0.302022   -0.24467    1.05405  -0.650996   -1.06513  -0.103416   -0.16217   0.465688 
    7.7172   0.745237   0.351459  -0.918346   0.155377   0.322944  -0.257241    1.06487  -0.621283   -1.06818 -0.0942185  -0.146525   0.465906 
    7.7367   0.727075   0.354192  -0.943512   0.123926   0.343814  -0.269062    1.07487  -0.589976   -1.07089   -0.08513   -0.13136    0.46605 
   7.75597   0.708663   0.356271  -0.967221  0.0910681   0.364614  -0.280121    1.08385  -0.557207   -1.07328   -0.07615  -0.116633   0.466139 
     7.775   0.690034   0.357687  -0.989337  0.0569354   0.385325  -0.290411    1.09164  -0.523124   -1.07536  -0.067276  -0.102303   0.466189 
   7.79382   0.671219   0.358434   -1.00974   0.021671   0.405933   -0.29993    1.09807  -0.487881   -1.07715 -0.0585036 -0.0883279    0.46621 
   7.81243   0.652247   0.358506   -1.02833 -0.0145709   0.426421  -0.308679      1.103  -0.451643   -1.07867 -0.0498271 -0.0746669   0.466214 
   7.83085   0.633143   0.357901   -1.04504 -0.0516286   0.446777  -0.316662    1.10632   -0.41458   -1.07992 -0.0412393 -0.0612795   0.466209 
    7.8491   0.613931   0.356619   -1.05979 -0.0893348   0.466987  -0.323887    1.10792  -0.376865   -1.08092 -0.0327322 -0.0481257   0.466199 
   7.86719   0.594631   0.354661   -1.07256  -0.127519    0.48704  -0.330364    1.10773  -0.338673   -1.08167  -0.024297 -0.0351663   0.466192 
   7.88515   0.575262   0.352027   -1.08332  -0.166009   0.506925  -0.336103    1.10569   -0.30018   -1.08219 -0.0159241 -0.0223629   0.466189 
     7.903   0.555841   0.348721   -1.09209  -0.204634   0.526632  -0.341117    1.10176  -0.261558   -1.08247 -0.00760383 -0.00967758   0.466193 
   7.92076   0.536381   0.344745   -1.09887  -0.243226   0.546152  -0.345419    1.09594  -0.222978   -1.08253 0.000673991 0.00292666   0.466205 
   7.93844   0.516895   0.340103    -1.1037  -0.281621   0.565475  -0.349023    1.08821  -0.184604   -1.08237 0.00891963  0.0154865   0.466225 
   7.95608   0.497393   0.334799   -1.10665   -0.31966   0.584594  -0.351942    1.07861  -0.146593   -1.08199  0.0171435  0.0280382   0.466253 
   7.97369   0.477883   0.328836   -1.10777  -0.357191   0.603498  -0.354191    1.06716  -0.109096   -1.08138  0.0253558  0.0406179   0.466287 
    7.9913   0.458374   0.322218   -1.10717   -0.39407   0.622181  -0.355785    1.05391  -0.072254   -1.08056   0.033567  0.0532618   0.466324 
   8.00893   0.438871    0.31495   -1.10493  -0.430163   0.640634  -0.356737    1.03892 -0.0361987    -1.0795  0.0417872  0.0660062   0.466361 
    8.0266   0.419378   0.307035   -1.10116  -0.465343   0.658847  -0.357061    1.02227 -0.00105135   -1.07823  0.0500264  0.0788877   0.466394 
   8.04432   0.399898   0.298478   -1.09599  -0.499494   0.676814  -0.356772    1.00404  0.0330776   -1.07671  0.0582942  0.0919438   0.466416 
   8.06213   0.380433   0.289283   -1.08954   -0.53251   0.694524  -0.355883    0.98433  0.0660889   -1.07496  0.0666003   0.105212   0.466421 
   8.08004   0.360983   0.279455   -1.08196  -0.564295   0.711969  -0.354408   0.963229  0.0978949   -1.07295  0.0749534   0.118732     0.4664 
   8.09807   0.341549   0.268999   -1.07339  -0.594763   0.729139  -0.352361   0.940848   0.128419   -1.07069  0.0833622   0.132544   0.466343 
   8.11624   0.322128   0.257921   -1.06398  -0.623837   0.746024  -0.349755   0.917297   0.157598   -1.06815  0.0918345   0.146687   0.466239 
   8.13456    0.30272   0.246227    -1.0539  -0.651449   0.762612  -0.346605   0.892693   0.185376   -1.06533   0.100377   0.161205   0.466073 
   8.15306   0.283321   0.233927   -1.04329   -0.67754   0.778893  -0.342924   0.867154   0.211713   -1.06221   0.108997    0.17614   0.465828 
   8.17175   0.263928   0.221029   -1.03234  -0.702061   0.794852  -0.338728   0.840801   0.236577   -1.05878   0.117699   0.191536   0.465484 
   8.19063   0.244537   0.207545    -1.0212  -0.724967   0.810477  -0.334031   0.813757   0.259947   -1.05501   0.126486   0.207438    0.46502 
   8.20973   0.225144   0.193489   -1.01004  -0.746222   0.825754  -0.328849   0.786144   0.281815    -1.0509   0.135361   0.223891   0.464407 
   8.22904   0.205744   0.178878  -0.999026  -0.765796   0.840667  -0.323201   0.758086   0.302181   -1.04641   0.144324    0.24094   0.463615 
   8.24858   0.186331   0.163731  -0.988334  -0.783664   0.855202  -0.317104   0.729703   0.321055   -1.04153   0.153373   0.258631   0.462609 
   8.26835   0.166901   0.148073  -0.978122  -0.799804   0.869341  -0.310578   0.701116   0.338457   -1.03624   0.162505   0.277006   0.461347 
   8.28834   0.147446    0.13193  -0.968548  -0.814202   0.883069  -0.303644    0.67244   0.354419   -1.03052   0.171714   0.296108   0.459783 
   8.30855   0.127962   0.115335  -0.959765  -0.826841    0.89637  -0.296325   0.643787   0.368978   -1.02433    0.18099   0.315977   0.457863 
   8.32898   0.108441  0.0983224  -0.951914  -0.837711   0.909228  -0.288645   0.615265   0.382182   -1.01767   0.190322   0.336649   0.455529 
   8.34962   0.088875  0.0809335  -0.945127  -0.846799   0.921629  -0.280629   0.586973   0.394085    -1.0105   0.199695   0.358154   0.452713 
   8.37044  0.0692572  0.0632126  -0.939523  -0.854094   0.933559  -0.272304   0.559005    0.40475   -1.00282   0.209091   0.380518   0.449344 
   8.39144  0.0495791  0.0452087  -0.935203  -0.859582   0.945005  -0.263697   0.531444   0.414242  -0.994584   0.218489   0.403759    0.44534 
    8.4126  0.0298323  0.0269744  -0.932254  -0.863249   0.955958  -0.254839   0.504368   0.422635  -0.985791   0.227864   0.427886   0.440614 
   8.43389  0.0100085 0.00856639  -0.930739  -0.865076    0.96641  -0.245757   0.477841   0.430003  -0.976419    0.23719   0.452898   0.435072 
   8.45529 -0.00990078 -0.00995572  -0.930702  -0.865041   0.976354  -0.236481   0.451921   0.436425  -0.966454   0.246436   0.478781   0.428617 
   8.47677 -0.0299031 -0.0285293  -0.932163  -0.863121   0.985788  -0.227041   0.426653   0.441978  -0.955885    0.25557    0.50551   0.421143 
   8.49831 -0.0500053 -0.0470896  -0.935116  -0.859287   0.994709  -0.217465   0.402074   0.446742  -0.944704   0.264555   0.533042   0.412545 
   8.51988 -0.0702126 -0.0655699   -0.93953  -0.853508    1.00312  -0.207783   0.378211   0.450793  -0.932906   0.273353    0.56132   0.402716 
   8.54144 -0.0905284 -0.0839024  -0.945348  -0.845754    1.01102  -0.198021   0.355082   0.454207  -0.920493   0.281924   0.590266   0.391548 
   8.56298  -0.110954  -0.102019  -0.952483  -0.835995    1.01842  -0.188208   0.332697   0.457055  -0.907469   0.290227   0.619787   0.378939 
   8.58445  -0.131487  -0.119853  -0.960825  -0.824201    1.02533  -0.178367   0.311058   0.459407  -0.893843    0.29822   0.649768   0.364795 
   8.60582  -0.152123  -0.137336  -0.970237  -0.810354    1.03175  -0.168523   0.290159   0.461325   -0.87963   0.305859   0.680078   0.349029 
   8.62708  -0.172854  -0.154405  -0.980558  -0.794439     1.0377  -0.158697    0.26999    0.46287   -0.86485   0.313103   0.710567   0.331569 
    8.6482  -0.193669     -0.171  -0.991605  -0.776455     1.0432   -0.14891   0.250534   0.464095  -0.849527    0.31991   0.741072    0.31236 
   8.66914  -0.214554  -0.187063   -1.00318  -0.756414    1.04824   -0.13918   0.231767    0.46505  -0.833689   0.326242   0.771413   0.291365 
   8.68989  -0.235493  -0.202542   -1.01507  -0.734346    1.05286   -0.12952   0.213664   0.465779  -0.817369   0.332062   0.801405   0.268567 
   8.71043  -0.256468  -0.217392   -1.02705  -0.710296    1.05707  -0.119946   0.196194   0.466321  -0.800602   0.337337   0.830856   0.243975 
   8.73075  -0.277459  -0.231572    -1.0389  -0.684329    1.06088  -0.110465   0.179323   0.466712  -0.783424   0.342037   0.859573   0.217617 
   8.75084  -0.298445   -0.24505   -1.05038  -0.656528    1.06432  -0.101087   0.163016   0.466981  -0.765875   0.346137   0.887365   0.189547 
   8.77069  -0.319406    -0.2578   -1.06129  -0.626993     1.0674 -0.0918146   0.147234   0.467154  -0.747991   0.349614   0.914051   0.159839 
    8.7903  -0.340323    -0.2698    -1.0714  -0.595842    1.07013 -0.0826517   0.131936   0.467253  -0.729811   0.352452   0.939459   0.128589 
   8.80968  -0.361174  -0.281037   -1.08052  -0.563206    1.07254 -0.0735977   0.117083   0.467296   -0.71137   0.354635   0.963432  0.0959108 
   8.82882  -0.381943  -0.291503   -1.08846  -0.529232    1.07465 -0.0646506   0.102633   0.467298  -0.692703   0.356154   0.985828  0.0619333 
   8.84775  -0.402613  -0.301194   -1.09507  -0.494073    1.07646 -0.0558065  0.0885444   0.467273  -0.673842      0.357    1.00653  0.0267998 
   8.86647  -0.423167   -0.31011    -1.1002  -0.457895    1.07798 -0.0470597  0.0747757   0.467231  -0.654816    0.35717    1.02542 -0.00933579 
     8.885  -0.443591  -0.318256   -1.10372  -0.420868    1.07924 -0.0384035  0.0612861    0.46718  -0.635652    0.35666    1.04244 -0.0463113 
   8.90335  -0.463872  -0.325639   -1.10554  -0.383166    1.08025 -0.0298299  0.0480354   0.467125  -0.616374   0.355469     1.0575 -0.0839589 
   8.92155  -0.483998  -0.332267   -1.10557  -0.344965      1.081 -0.0213301   0.034984   0.467072  -0.597003   0.353597    1.07059  -0.122107 
   8.93961  -0.503958  -0.338152   -1.10376  -0.306441    1.08152 -0.0128947  0.0220931   0.467024  -0.577558   0.351047    1.08166  -0.160583 
   8.95755  -0.523741  -0.343306   -1.10006  -0.267769     1.0818 -0.00451404 0.00932437   0.466984  -0.558057    0.34782    1.09073  -0.199216 
   8.97541  -0.543337  -0.347741   -1.09446  -0.229119    1.08185 0.00382216 -0.00335966   0.466952  -0.538513   0.343919    1.09782  -0.237834 
   8.99319  -0.562738  -0.351472   -1.08695  -0.190657    1.08168  0.0121242 -0.0159961   0.466929   -0.51894   0.339348    1.10295  -0.276273 
   9.01092  -0.581935  -0.354513   -1.07756  -0.152542    1.08128  0.0204024 -0.0286215   0.466914  -0.499349   0.334111    1.10618  -0.314372 
   9.02862  -0.600917  -0.356878   -1.06631  -0.114927    1.08066  0.0286674 -0.0412726   0.466905  -0.479747   0.328211    1.10758  -0.351978 
   9.04631  -0.619678  -0.358582   -1.05326 -0.0779535    1.07982  0.0369293 -0.0539858   0.466899  -0.460144   0.321652    1.10724  -0.388945 
   9.06402  -0.638209  -0.359638   -1.03846 -0.0417554    1.07875  0.0451984 -0.0667977   0.466893  -0.440544   0.314439    1.10525  -0.425137 
   9.08177  -0.656501  -0.360061   -1.02198 -0.00645542    1.07745  0.0534849 -0.0797456   0.466882  -0.420952   0.306576    1.10173  -0.460426 
   9.09958  -0.674544  -0.359865   -1.00392  0.0278344    1.07592  0.0617983 -0.0928669    0.46686  -0.401372   0.298067    1.09678  -0.494695 
   9.11746  -0.692332  -0.359065  -0.984351  0.0610132    1.07414  0.0701482    -0.1062   0.466821  -0.381806   0.288917    1.09055  -0.527834 
   9.13545  -0.709852  -0.357673  -0.963388  0.0929917    1.07211  0.0785436  -0.119784   0.466755  -0.362254    0.27913    1.08317  -0.559746 
   9.15355  -0.727097  -0.355705  -0.941133   0.123692    1.06981   0.086993  -0.133659   0.466652  -0.342716   0.268712    1.07479  -0.590344 
   9.17179  -0.744055  -0.353174  -0.917696   0.153049    1.06725  0.0955042  -0.147867     0.4665  -0.323191   0.257669    1.06556  -0.619548 
   9.19019  -0.760715  -0.350093  -0.893195   0.181006    1.06439   0.104084  -0.162449   0.466284  -0.303678   0.246009    1.05564  -0.647291 
   9.20876  -0.777066  -0.346478  -0.867748   0.207521    1.06124   0.112739  -0.177448   0.465989  -0.284173   0.233739     1.0452   -0.67351 
   9.22751  -0.793094  -0.342344  -0.841478   0.232562    1.05777   0.121474  -0.192909   0.465593  -0.264674    0.22087    1.03439  -0.698155 
   9.24646  -0.808785  -0.337706  -0.814507   0.256107    1.05396   0.130292  -0.208877   0.465073  -0.245178   0.207413    1.02338   -0.72118 
   9.26562  -0.824126   -0.33258   -0.78696   0.278146    1.04981   0.139196  -0.225396   0.464402  -0.225679   0.193384    1.01236  -0.742548 
   9.28499  -0.839101  -0.326984   -0.75896   0.298678    1.04527   0.148185  -0.242511   0.463549  -0.206174   0.178798    1.00147  -0.762227 
   9.30458  -0.853694  -0.320937  -0.730631   0.317713    1.04035   0.157259  -0.260268   0.462478  -0.186657   0.163678   0.990899  -0.780192 
    9.3244  -0.867889  -0.314458  -0.702092   0.335273    1.03501   0.166412   -0.27871   0.461148  -0.167124   0.148047   0.980802  -0.796421 
   9.34444  -0.881671   -0.30757   -0.67346   0.351386    1.02924   0.175638  -0.297879    0.45951  -0.147568   0.131932    0.97134  -0.810896 
    9.3647  -0.895021  -0.300295   -0.64485   0.366091    1.02301   0.184928  -0.317814   0.457512  -0.127984   0.115367   0.962664  -0.823603 
   9.38516  -0.907927  -0.292657  -0.616369   0.379435    1.01629    0.19427  -0.338549   0.455095  -0.108365  0.0983875   0.954918   -0.83453 
   9.40583  -0.920371  -0.284683  -0.588117   0.391474    1.00907   0.203648  -0.360116    0.45219  -0.088703  0.0810349   0.948233  -0.843664 
   9.42669  -0.932342    -0.2764  -0.560188   0.402268    1.00133   0.213045  -0.382539   0.448725  -0.068992  0.0633543   0.942728  -0.850993 
   9.44771  -0.943827  -0.267835  -0.532669   0.411886    0.99305    0.22244  -0.405836    0.44462 -0.0492235  0.0453951   0.938504  -0.856505 
   9.46888  -0.954815  -0.259017  -0.505633   0.420399   0.984205   0.231807  -0.430013   0.439785 -0.0293894  0.0272106   0.935646  -0.860184 
   9.49019    -0.9653  -0.249977  -0.479149   0.427884   0.974782   0.241119  -0.455068   0.434129 -0.00948157 0.00885776   0.934218  -0.862013 
   9.51159  -0.975276  -0.240742  -0.453272   0.434418   0.964767   0.250346  -0.480989   0.427552  0.0105081 -0.00960349   0.934261   -0.86197 
   9.53307  -0.984738  -0.231344  -0.428049   0.440081   0.954151   0.259455  -0.507746    0.41995  0.0305871 -0.0281104   0.935795  -0.860031 
   9.55461  -0.993687  -0.221812  -0.403516   0.444951   0.942925    0.26841  -0.535296   0.411218   0.050762 -0.0465981   0.938812  -0.856169 
   9.57616   -1.00212  -0.212172  -0.379699   0.449106   0.931086   0.277173  -0.563581   0.401249  0.0710379 -0.0650001    0.94328  -0.850354 
   9.59771   -1.01005  -0.202455  -0.356616    0.45262   0.918634   0.285704  -0.592523   0.389936  0.0914179 -0.0832489   0.949139  -0.842556 
   9.61922   -1.01748  -0.192685  -0.334278   0.455567   0.905576   0.293961  -0.622026   0.377179   0.111903  -0.101277   0.956304  -0.832746 
   9.64066   -1.02441  -0.182888  -0.312685   0.458013    0.89192   0.301904  -0.651977   0.362884   0.132491  -0.119017   0.964661  -0.820897 
   9.66201   -1.03086  -0.173087  -0.291831   0.460025   0.877682    0.30949  -0.682242   0.346965   0.153178  -0.136403   0.974073  -0.806989 
   9.68323   -1.03684  -0.163305  -0.271707    0.46166   0.862881   0.316676  -0.712672   0.329352   0.173956  -0.153371   0.984379  -0.791011 
    9.7043   -1.04236   -0.15356  -0.252292   0.462973   0.847542   0.323423  -0.743103    0.30999   0.194813  -0.169863   0.995395  -0.772963 
    9.7252   -1.04743  -0.143871  -0.233567   0.464014   0.831694   0.329691  -0.773356   0.288845   0.215736   -0.18582    1.00692  -0.752859 
   9.74591   -1.05208  -0.134252  -0.215503   0.464826   0.815368   0.335446  -0.803247   0.265902   0.236709  -0.201193    1.01875  -0.730728 
   9.76641   -1.05631  -0.124717  -0.198069    0.46545     0.7986   0.340653  -0.832583   0.241168   0.257714  -0.215937    1.03065  -0.706617 
   9.78669   -1.06016  -0.115274  -0.181234   0.465919   0.781427   0.345285  -0.861173   0.214675   0.278731  -0.230011    1.04241  -0.680594 
   9.80673   -1.06363  -0.105931  -0.164959   0.466264   0.763885   0.349315  -0.888829   0.186476    0.29974  -0.243384    1.05379   -0.65274 
   9.82654   -1.06673 -0.0966929  -0.149206   0.466511   0.746013   0.352722  -0.915367   0.156648   0.320722   -0.25603    1.06457  -0.623159 
   9.84611    -1.0695  -0.087562  -0.133937   0.466681   0.727849    0.35549   -0.94062   0.125286   0.341655  -0.267928    1.07456  -0.591967 
   9.86544   -1.07195 -0.0785379   -0.11911   0.466794   0.709427   0.357604  -0.964429  0.0925042   0.362522  -0.279066    1.08354  -0.559299 
   9.88455   -1.07409 -0.0696187  -0.104683   0.466865   0.690782   0.359053  -0.986656  0.0584331   0.383303  -0.289435    1.09134  -0.525298 
   9.90343   -1.07593 -0.0608004 -0.0906162   0.466907   0.671946   0.359831   -1.00718  0.0232159   0.403983  -0.299031     1.0978  -0.490123 
   9.92212   -1.07749 -0.0520773 -0.0768676   0.466929   0.652948   0.359933    -1.0259 -0.0129932   0.424545  -0.307856    1.10277  -0.453936 
   9.94061   -1.07879 -0.0434427 -0.0633965   0.466941   0.633813   0.359355   -1.04273 -0.0500321   0.444976  -0.315913    1.10613  -0.416909 
   9.95893   -1.07983 -0.0348887 -0.0501629   0.466949   0.614567   0.358098   -1.05762 -0.0877328   0.465262  -0.323209    1.10778  -0.379216 
   9.97709   -1.08062 -0.0264066 -0.0371272   0.466957   0.595229    0.35616   -1.07052  -0.125924   0.485392  -0.329754    1.10764  -0.341033 
   9.99512   -1.08117  -0.017987 -0.0242508    0.46697   0.575821   0.353545   -1.08141  -0.164433   0.505354  -0.335558    1.10566  -0.302537 
        10   -1.08128 -0.0157092 -0.0207746   0.466975   0.570539   0.352717   -1.08402   -0.17493   0.510745  -0.337008     1.1048  -0.292045 

 
 
 
 
