     0.333 4.9993e+06    679.249     500022 
   1.14488 4.99919e+06    725.851     500079 
   2.55234  4.999e+06    814.213     500187 
    4.5048 4.99869e+06    954.594     500359 
   6.83269 4.99824e+06    1153.58     500602 
   9.32987 4.99767e+06     1413.1     500920 
   10.1257 4.9822e+06    8357.55     509446 
   10.8819 4.98102e+06    8886.14     510097 
   11.6027 4.97982e+06    9420.84     510756 
   12.2917 4.97861e+06    9961.75     511423 
    12.952 4.97739e+06    10508.9     512099 
   13.5862 4.97616e+06    11062.5     512782 
   14.1965 4.9749e+06    11622.3     513474 
   14.7848 4.97364e+06    12188.6     514174 
   15.3529 4.97236e+06    12761.1     514883 
   15.9022 4.97106e+06      13340     515599 
   16.4341 4.96975e+06    13925.2     516324 
   16.9497 4.96843e+06    14516.7     517057 
   17.4502 4.96709e+06    15114.4     517798 
   17.9363 4.96573e+06    15718.2     518547 
   18.4091 4.96437e+06    16328.2     519304 
   18.8693 4.96299e+06    16944.3     520070 
   19.3176 4.96159e+06    17566.3     520843 
   19.7546 4.96018e+06    18194.4     521624 
    20.181 4.95876e+06    18828.4     522413 
   20.5973 4.95732e+06    19468.3     523210 
   21.0041 4.95587e+06      20114     524015 
   21.4017 4.95441e+06    20765.5     524828 
   21.7906 4.95293e+06    21422.7     525648 
   22.1712 4.95144e+06    22085.7     526476 
   22.5439 4.94993e+06    22754.2     527311 
    22.909 4.94842e+06    23428.3     528154 
   23.2669 4.94689e+06      24108     529004 
   23.6179 4.94534e+06    24793.1     529862 
   23.9622 4.94379e+06    25483.8     530728 
   24.3001 4.94222e+06    26179.8     531601 
   24.6319 4.94064e+06    26881.2     532481 
   24.9578 4.93904e+06    27587.9     533368 
   25.2781 4.93744e+06    28299.8     534263 
   25.5929 4.93582e+06      29017     535165 
   25.9024 4.93419e+06    29739.5     536074 
   26.2068 4.93254e+06      30467     536990 
   26.5064 4.93089e+06    31199.7     537914 
   26.8012 4.92922e+06    31937.5     538845 
   27.0915 4.92754e+06    32680.3     539782 
   27.3774 4.92584e+06    33428.1     540727 
    27.659 4.92414e+06    34180.9     541679 
   27.9365 4.92242e+06    34938.7     542638 
   28.2099 4.9207e+06    35701.3     543604 
   28.4795 4.91895e+06    36468.8     544576 
   28.7454 4.9172e+06    37241.2     545556 
   29.0076 4.91544e+06    38018.3     546543 
   29.2662 4.91366e+06    38800.3     547536 
   29.5215 4.91188e+06    39586.9     548536 
   29.7734 4.91008e+06    40378.3     549543 
    30.022 4.90827e+06    41174.4     550557 
   30.2676 4.90645e+06    41975.1     551578 
     30.51 4.90461e+06    42780.4     552605 
   30.7495 4.90277e+06    43590.3     553639 
   30.9861 4.90091e+06    44404.8     554680 
   31.2199 4.89905e+06    45223.9     555728 
   31.4509 4.89717e+06    46047.4     556782 
   31.6793 4.89528e+06    46875.4     557843 
   31.9051 4.89338e+06    47707.9     558911 
   32.1283 4.89147e+06    48544.8     559985 
   32.3491 4.88955e+06    49386.2     561066 
   32.5674 4.88761e+06    50231.9     562153 
   32.7834 4.88567e+06    51081.9     563248 
   32.9971 4.88372e+06    51936.3     564348 
   33.2086 4.88175e+06      52795     565455 
   33.4178 4.87977e+06      53658     566569 
   33.6249 4.87779e+06    54525.2     567690 
     33.83 4.87579e+06    55396.7     568816 
    34.033 4.87378e+06    56272.4     569950 
    34.234 4.87176e+06    57152.3     571090 
    34.433 4.86973e+06    58036.4     572236 
   34.6302 4.86769e+06    58924.6     573389 
   34.8255 4.86563e+06      59817     574548 
   35.0189 4.86357e+06    60713.4     575714 
   35.2106 4.8615e+06      61614     576886 
   35.4005 4.85942e+06    62518.6     578065 
   35.5888 4.85732e+06    63427.2     579250 
   35.7753 4.85522e+06    64339.9     580442 
   35.9602 4.8531e+06    65256.6     581640 
   36.1435 4.85098e+06    66177.3     582844 
   36.3252 4.84884e+06      67102     584055 
   36.5054 4.8467e+06    68030.6     585273 
    36.684 4.84454e+06    68963.1     586496 
   36.8612 4.84237e+06    69899.6     587727 
   37.0369 4.8402e+06    70839.9     588963 
   37.2112 4.83801e+06    71784.2     590206 
   37.3842 4.83581e+06    72732.3     591455 
   37.5557 4.8336e+06    73684.2     592711 
   37.7259 4.83139e+06      74640     593973 
   37.8947 4.82916e+06    75599.5     595242 
   38.0623 4.82692e+06    76562.9     596517 
   38.2286 4.82467e+06      77530     597798 
   38.3937 4.82241e+06    78500.9     599085 
   38.5575 4.82014e+06    79475.6     600379 
   38.7201 4.81787e+06      80454     601680 
   38.8816 4.81558e+06    81436.1     602987 
   39.0419 4.81328e+06    82421.8     604300 
    39.201 4.81097e+06    83411.3     605619 
    39.359 4.80865e+06    84404.4     606945 
    39.516 4.80632e+06    85401.2     608278 
   39.6718 4.80398e+06    86401.7     609616 
   39.8266 4.80163e+06    87405.7     610961 
   39.9803 4.79927e+06    88413.4     612313 
    40.133 4.7969e+06    89424.6     613670 
   40.2847 4.79453e+06    90439.4     615035 
   40.4354 4.79214e+06    91457.8     616405 
   40.5851 4.78974e+06    92479.8     617782 
   40.7339 4.78733e+06    93505.2     619166 
   40.8817 4.78491e+06    94534.2     620555 
   41.0286 4.78248e+06    95566.7     621952 
   41.1746 4.78004e+06    96602.8     623354 
   41.3197 4.77759e+06    97642.2     624763 
   41.4639 4.77514e+06    98685.2     626179 
   41.6072 4.77267e+06    99731.6     627600 
   41.7497 4.77019e+06     100781     629029 
   41.8913 4.7677e+06     101835     630463 
   42.0321 4.7652e+06     102892     631904 
    42.172 4.7627e+06     103952     633352 
   42.3112 4.76018e+06     105015     634806 
   42.4496 4.75765e+06     106082     636267 
   42.5872 4.75511e+06     107152     637733 
    42.724 4.75257e+06     108226     639207 
   42.8601 4.75001e+06     109303     640687 
   42.9954 4.74744e+06     110383     642173 
     43.13 4.74487e+06     111467     643666 
   43.2638 4.74228e+06     112554     645165 
    43.397 4.73968e+06     113644     646671 
   43.5294 4.73708e+06     114738     648184 
   43.6612 4.73446e+06     115834     649703 
   43.7923 4.73184e+06     116935     651228 
   43.9227 4.7292e+06     118038     652760 
   44.0524 4.72656e+06     119144     654299 
   44.1815 4.7239e+06     120254     655844 
   44.3099 4.72124e+06     121367     657395 
   44.4377 4.71856e+06     122484     658954 
   44.5649 4.71588e+06     123603     660519 
   44.6915 4.71318e+06     124726     662090 
   44.8175 4.71048e+06     125852     663668 
   44.9428 4.70777e+06     126981     665253 
   45.0676 4.70504e+06     128113     666844 
   45.1918 4.70231e+06     129248     668443 
   45.3154 4.69957e+06     130386     670047 
   45.4384 4.69681e+06     131528     671659 
   45.5609 4.69405e+06     132673     673277 
   45.6829 4.69128e+06     133821     674902 
   45.8043 4.6885e+06     134972     676533 
   45.9252 4.6857e+06     136126     678172 
   46.0455 4.6829e+06     137283     679817 
   46.1653 4.68009e+06     138443     681468 
   46.2846 4.67727e+06     139606     683127 
   46.4034 4.67444e+06     140772     684792 
   46.5217 4.67159e+06     141942     686465 
   46.6395 4.66874e+06     143114     688144 
   46.7568 4.66588e+06     144290     689830 
   46.8737 4.66301e+06     145468     691522 
     46.99 4.66013e+06     146649     693222 
   47.1059 4.65724e+06     147834     694928 
   47.2214 4.65434e+06     149021     696642 
   47.3364 4.65143e+06     150212     698362 
   47.4509 4.64851e+06     151405     700090 
    47.565 4.64557e+06     152601     701824 
   47.6787 4.64263e+06     153801     703565 
   47.7919 4.63968e+06     155003     705313 
   47.9047 4.63672e+06     156208     707069 
   48.0171 4.63375e+06     157416     708831 
    48.129 4.63077e+06     158627     710600 
   48.2406 4.62778e+06     159841     712377 
   48.3518 4.62478e+06     161058     714160 
   48.4625 4.62177e+06     162278     715951 
   48.5729 4.61875e+06     163501     717749 
   48.6829 4.61572e+06     164726     719554 
   48.7925 4.61268e+06     165955     721366 
   48.9017 4.60963e+06     167186     723185 
   49.0106 4.60657e+06     168420     725011 
    49.119 4.6035e+06     169657     726845 
   49.2272 4.60042e+06     170897     728686 
   49.3349 4.59733e+06     172140     730535 
   49.4423 4.59422e+06     173385     732390 
   49.5494 4.59111e+06     174633     734253 
   49.6561 4.58799e+06     175885     736124 
   49.7625 4.58486e+06     177139     738001 
   49.8686 4.58172e+06     178395     739887 
   49.9743 4.57857e+06     179655     741779 
   50.0797 4.5754e+06     180917     743679 
   50.1847 4.57223e+06     182182     745587 
   50.2895 4.56905e+06     183450     747502 
   50.3939 4.56585e+06     184721     749424 
   50.4981 4.56265e+06     185994     751354 
   50.6019 4.55944e+06     187270     753292 
   50.7054 4.55621e+06     188549     755238 
   50.8086 4.55298e+06     189831     757191 
   50.9116 4.54973e+06     191115     759151 
   51.0142 4.54648e+06     192402     761120 
   51.1166 4.54321e+06     193692     763096 
   51.2187 4.53994e+06     194984     765079 
   51.3205 4.53665e+06     196279     767071 
    51.422 4.53335e+06     197577     769071 
   51.5233 4.53004e+06     198878     771078 
   51.6243 4.52673e+06     200181     773093 
    51.725 4.5234e+06     201487     775116 
   51.8255 4.52006e+06     202795     777147 
   51.9257 4.51671e+06     204106     779186 
   52.0257 4.51335e+06     205420     781233 
   52.1254 4.50998e+06     206736     783288 
   52.2249 4.50659e+06     208056     785351 
   52.3241 4.5032e+06     209377     787422 
   52.4231 4.4998e+06     210702     789502 
   52.5219 4.49638e+06     212029     791589 
   52.6204 4.49296e+06     213358     793685 
   52.7187 4.48952e+06     214690     795789 
   52.8168 4.48607e+06     216025     797901 
   52.9146 4.48262e+06     217362     800021 
   53.0123 4.47915e+06     218702     802150 
   53.1097 4.47567e+06     220045     804287 
   53.2069 4.47218e+06     221390     806433 
   53.3039 4.46868e+06     222737     808587 
   53.4007 4.46516e+06     224088     810750 
   53.4973 4.46164e+06     225440     812921 
   53.5937 4.4581e+06     226796     815100 
   53.6899 4.45456e+06     228153     817289 
   53.7859  4.451e+06     229514     819486 
   53.8817 4.44743e+06     230877     821691 
   53.9773 4.44385e+06     232242     823906 
   54.0728 4.44026e+06     233610     826129 
   54.1681 4.43666e+06     234980     828361 
   54.2631 4.43305e+06     236353     830601 
    54.358 4.42942e+06     237728     832851 
   54.4528 4.42578e+06     239106     835110 
   54.5473 4.42214e+06     240487     837377 
   54.6417 4.41848e+06     241869     839654 
    54.736 4.41481e+06     243255     841940 
     54.83 4.41112e+06     244642     844234 
    54.924 4.40743e+06     246033     846538 
   55.0177 4.40372e+06     247425     848852 
   55.1113 4.40001e+06     248820     851174 
   55.2048 4.39628e+06     250218     853506 
   55.2981 4.39254e+06     251618     855847 
   55.3912 4.38878e+06     253020     858198 
   55.4842 4.38502e+06     254425     860558 
   55.5771 4.38124e+06     255832     862927 
   55.6699 4.37745e+06     257241     865306 
   55.7625 4.37365e+06     258653     867695 
   55.8549 4.36984e+06     260068     870093 
   55.9473 4.36601e+06     261484     872501 
   56.0395 4.36218e+06     262904     874919 
   56.1316 4.35833e+06     264325     877346 
   56.2235 4.35447e+06     265749     879784 
   56.3154 4.35059e+06     267175     882231 
   56.4071 4.34671e+06     268604     884689 
   56.4987 4.34281e+06     270035     887156 
   56.5902 4.3389e+06     271468     889634 
   56.6816 4.33498e+06     272903     892121 
   56.7729 4.33104e+06     274341     894619 
   56.8641 4.32709e+06     275781     897127 
   56.9552 4.32313e+06     277224     899646 
   57.0462 4.31916e+06     278669     902175 
   57.1371 4.31517e+06     280116     904714 
   57.2279 4.31117e+06     281565     907264 
   57.3186 4.30716e+06     283017     909824 
   57.4092 4.30313e+06     284471     912395 
   57.4997 4.2991e+06     285927     914977 
   57.5901 4.29504e+06     287386     917570 
   57.6805 4.29098e+06     288846     920173 
   57.7708 4.2869e+06     290309     922787 
    57.861 4.28281e+06     291775     925413 
   57.9511 4.27871e+06     293242     928049 
   58.0412 4.27459e+06     294712     930696 
   58.1312 4.27046e+06     296184     933355 
   58.2211 4.26632e+06     297658     936025 
   58.3109 4.26216e+06     299134     938706 
   58.4007 4.25799e+06     300613     941398 
   58.4904 4.2538e+06     302093     944102 
   58.5801 4.24961e+06     303576     946818 
   58.6697 4.24539e+06     305061     949545 
   58.7593 4.24117e+06     306549     952284 
   58.8488 4.23693e+06     308038     955035 
   58.9383 4.23267e+06     309530     957797 
   59.0277 4.2284e+06     311023     960572 
   59.1171 4.22412e+06     312519     963358 
   59.2064 4.21983e+06     314017     966157 
   59.2957 4.21551e+06     315517     968968 
    59.385 4.21119e+06     317020     971791 
   59.4742 4.20685e+06     318524     974626 
   59.5634 4.2025e+06     320030     977474 
   59.6526 4.19813e+06     321539     980334 
   59.7417 4.19374e+06     323049     983207 
   59.8308 4.18934e+06     324562     986093 
   59.9199 4.18493e+06     326077     988992 
    60.009 4.1805e+06     327594     991903 
    60.098 4.17606e+06     329112     994827 
   60.1871 4.1716e+06     330633     997765 
   60.2761 4.16713e+06     332156 1.00072e+06 
   60.3652 4.16264e+06     333681 1.00368e+06 
   60.4542 4.15814e+06     335208 1.00666e+06 
   60.5432 4.15362e+06     336737 1.00965e+06 
   60.6322 4.14908e+06     338268 1.01265e+06 
   60.7212 4.14453e+06     339801 1.01567e+06 
   60.8102 4.13996e+06     341335 1.0187e+06 
   60.8993 4.13538e+06     342872 1.02175e+06 
   60.9883 4.13078e+06     344411 1.02481e+06 
   61.0773 4.12617e+06     345952 1.02788e+06 
   61.1664 4.12154e+06     347494 1.03097e+06 
   61.2554 4.11689e+06     349039 1.03407e+06 
   61.3445 4.11223e+06     350585 1.03718e+06 
   61.4336 4.10755e+06     352133 1.04032e+06 
   61.5228 4.10286e+06     353683 1.04346e+06 
   61.6119 4.09814e+06     355235 1.04662e+06 
   61.7011 4.09341e+06     356789 1.0498e+06 
   61.7903 4.08867e+06     358345 1.05299e+06 
   61.8796 4.08391e+06     359902 1.05619e+06 
   61.9689 4.07913e+06     361462 1.05941e+06 
   62.0582 4.07433e+06     363023 1.06265e+06 
   62.1476 4.06951e+06     364586 1.0659e+06 
    62.237 4.06468e+06     366151 1.06917e+06 
   62.3265 4.05983e+06     367717 1.07245e+06 
    62.416 4.05497e+06     369285 1.07575e+06 
   62.5055 4.05008e+06     370855 1.07906e+06 
   62.5952 4.04518e+06     372427 1.08239e+06 
   62.6848 4.04026e+06     374000 1.08574e+06 
   62.7746 4.03532e+06     375575 1.0891e+06 
   62.8644 4.03037e+06     377152 1.09248e+06 
   62.9542 4.02539e+06     378730 1.09588e+06 
   63.0442 4.0204e+06     380310 1.09929e+06 
   63.1342 4.01539e+06     381891 1.10272e+06 
   63.2243 4.01036e+06     383474 1.10617e+06 
   63.3144 4.00531e+06     385059 1.10963e+06 
   63.4047 4.00024e+06     386645 1.11312e+06 
    63.495 3.99515e+06     388233 1.11662e+06 
   63.5854 3.99004e+06     389822 1.12013e+06 
   63.6759 3.98492e+06     391413 1.12367e+06 
   63.7665 3.97977e+06     393005 1.12722e+06 
   63.8572 3.97461e+06     394599 1.13079e+06 
    63.948 3.96942e+06     396194 1.13438e+06 
   64.0388 3.96422e+06     397790 1.13799e+06 
   64.1298 3.95899e+06     399388 1.14162e+06 
   64.2209 3.95375e+06     400988 1.14526e+06 
   64.3121 3.94848e+06     402588 1.14893e+06 
   64.4034 3.9432e+06     404190 1.15261e+06 
   64.4949 3.93789e+06     405793 1.15631e+06 
   64.5864 3.93257e+06     407397 1.16004e+06 
   64.6781 3.92722e+06     409003 1.16378e+06 
   64.7699 3.92185e+06     410610 1.16754e+06 
   64.8618 3.91646e+06     412218 1.17132e+06 
   64.9539 3.91105e+06     413827 1.17512e+06 
   65.0461 3.90562e+06     415437 1.17895e+06 
   65.1384 3.90016e+06     417048 1.18279e+06 
   65.2309 3.89468e+06     418661 1.18665e+06 
   65.3235 3.88919e+06     420274 1.19054e+06 
   65.4163 3.88367e+06     421888 1.19445e+06 
   65.5092 3.87812e+06     423503 1.19837e+06 
   65.6023 3.87256e+06     425119 1.20232e+06 
   65.6955 3.86697e+06     426736 1.20629e+06 
   65.7889 3.86136e+06     428354 1.21029e+06 
   65.8824 3.85573e+06     429972 1.2143e+06 
   65.9762 3.85007e+06     431591 1.21834e+06 
     66.07 3.84439e+06     433211 1.2224e+06 
   66.1641 3.83869e+06     434832 1.22648e+06 
   66.2584 3.83296e+06     436453 1.23059e+06 
   66.3528 3.82721e+06     438074 1.23472e+06 
   66.4474 3.82144e+06     439696 1.23887e+06 
   66.5422 3.81564e+06     441319 1.24304e+06 
   66.6372 3.80982e+06     442942 1.24724e+06 
   66.7323 3.80397e+06     444565 1.25147e+06 
   66.8277 3.7981e+06     446189 1.25571e+06 
   66.9233 3.7922e+06     447812 1.25999e+06 
   67.0191 3.78628e+06     449436 1.26428e+06 
   67.1151 3.78033e+06     451060 1.26861e+06 
   67.2113 3.77436e+06     452684 1.27295e+06 
   67.3077 3.76837e+06     454308 1.27732e+06 
   67.4043 3.76235e+06     455932 1.28172e+06 
   67.5012 3.7563e+06     457555 1.28615e+06 
   67.5982 3.75023e+06     459179 1.2906e+06 
   67.6955 3.74413e+06     460802 1.29507e+06 
   67.7931  3.738e+06     462424 1.29957e+06 
   67.8908 3.73185e+06     464047 1.3041e+06 
   67.9889 3.72567e+06     465668 1.30866e+06 
   68.0871 3.71947e+06     467289 1.31324e+06 
   68.1856 3.71324e+06     468909 1.31785e+06 
   68.2843 3.70698e+06     470528 1.32249e+06 
   68.3833 3.7007e+06     472146 1.32716e+06 
   68.4826 3.69439e+06     473764 1.33185e+06 
   68.5821 3.68805e+06     475380 1.33657e+06 
   68.6818 3.68168e+06     476995 1.34132e+06 
   68.7818 3.67529e+06     478608 1.3461e+06 
   68.8821 3.66887e+06     480220 1.35091e+06 
   68.9826 3.66243e+06     481830 1.35574e+06 
   69.0835 3.65595e+06     483439 1.36061e+06 
   69.1845 3.64945e+06     485046 1.36551e+06 
   69.2859 3.64292e+06     486651 1.37043e+06 
   69.3875 3.63636e+06     488253 1.37538e+06 
   69.4895 3.62978e+06     489854 1.38037e+06 
   69.5916 3.62317e+06     491452 1.38538e+06 
   69.6941 3.61653e+06     493048 1.39043e+06 
   69.7969 3.60986e+06     494641 1.3955e+06 
   69.8999 3.60316e+06     496231 1.40061e+06 
   70.0033 3.59644e+06     497818 1.40574e+06 
   70.1069 3.58969e+06     499402 1.41091e+06 
   70.2108 3.58291e+06     500982 1.41611e+06 
    70.315 3.57611e+06     502559 1.42133e+06 
   70.4195 3.56927e+06     504133 1.42659e+06 
   70.5243 3.56241e+06     505702 1.43188e+06 
   70.6293 3.55553e+06     507268 1.43721e+06 
   70.7347 3.54861e+06     508829 1.44256e+06 
   70.8403 3.54167e+06     510386 1.44794e+06 
   70.9463 3.5347e+06     511938 1.45336e+06 
   71.0525 3.52771e+06     513485 1.45881e+06 
    71.159 3.52069e+06     515027 1.46428e+06 
   71.2658 3.51364e+06     516564 1.46979e+06 
   71.3729 3.50657e+06     518096 1.47533e+06 
   71.4803 3.49947e+06     519621 1.4809e+06 
    71.588 3.49235e+06     521141 1.48651e+06 
   71.6959 3.48521e+06     522654 1.49214e+06 
   71.8041 3.47803e+06     524161 1.4978e+06 
   71.9126 3.47084e+06     525661 1.5035e+06 
   72.0214 3.46362e+06     527154 1.50922e+06 
   72.1304 3.45638e+06     528640 1.51498e+06 
   72.2397 3.44912e+06     530119 1.52076e+06 
   72.3492 3.44183e+06     531589 1.52658e+06 
    72.459 3.43453e+06     533052 1.53242e+06 
    72.569 3.4272e+06     534506 1.5383e+06 
   72.6793 3.41985e+06     535951 1.5442e+06 
   72.7898 3.41248e+06     537388 1.55013e+06 
   72.9005 3.4051e+06     538815 1.55609e+06 
   73.0114 3.3977e+06     540233 1.56207e+06 
   73.1226 3.39027e+06     541641 1.56808e+06 
    73.234 3.38284e+06     543039 1.57412e+06 
   73.3455 3.37538e+06     544426 1.58019e+06 
   73.4572 3.36792e+06     545803 1.58628e+06 
   73.5692 3.36043e+06     547169 1.5924e+06 
   73.6812 3.35294e+06     548524 1.59854e+06 
   73.7935 3.34543e+06     549867 1.6047e+06 
   73.9059 3.33791e+06     551198 1.61089e+06 
   74.0184 3.33038e+06     552518 1.6171e+06 
   74.1311 3.32284e+06     553824 1.62333e+06 
   74.2438 3.3153e+06     555118 1.62958e+06 
   74.3567 3.30774e+06     556399 1.63586e+06 
   74.4697 3.30018e+06     557667 1.64215e+06 
   74.5827 3.29262e+06     558921 1.64846e+06 
   74.6959 3.28505e+06     560161 1.65479e+06 
   74.8091 3.27747e+06     561388 1.66114e+06 
   74.9223 3.2699e+06     562599 1.6675e+06 
   75.0356 3.26232e+06     563797 1.67388e+06 
   75.1489 3.25474e+06     564979 1.68028e+06 
   75.2622 3.24717e+06     566146 1.68669e+06 
   75.3755 3.23959e+06     567298 1.69311e+06 
   75.4888 3.23202e+06     568435 1.69954e+06 
    75.602 3.22446e+06     569556 1.70599e+06 
   75.7153 3.2169e+06     570661 1.71244e+06 
   75.8285 3.20934e+06     571749 1.71891e+06 
   75.9416 3.2018e+06     572822 1.72538e+06 
   76.0546 3.19426e+06     573878 1.73186e+06 
   76.1676 3.18673e+06     574917 1.73835e+06 
   76.2805 3.17921e+06     575940 1.74485e+06 
   76.3932 3.17171e+06     576946 1.75135e+06 
   76.5059 3.16421e+06     577934 1.75785e+06 
   76.6184 3.15673e+06     578906 1.76436e+06 
   76.7308 3.14927e+06     579860 1.77087e+06 
   76.8431 3.14182e+06     580797 1.77739e+06 
   76.9552 3.13438e+06     581717 1.7839e+06 
   77.0671 3.12696e+06     582619 1.79042e+06 
   77.1788 3.11956e+06     583503 1.79693e+06 
   77.2904 3.11218e+06     584370 1.80345e+06 
   77.4018 3.10482e+06     585219 1.80996e+06 
    77.513 3.09747e+06     586051 1.81648e+06 
    77.624 3.09015e+06     586864 1.82298e+06 
   77.7348 3.08285e+06     587660 1.82949e+06 
   77.8453 3.07557e+06     588439 1.83599e+06 
   77.9557 3.06831e+06     589199 1.84249e+06 
   78.0658 3.06108e+06     589942 1.84898e+06 
   78.1757 3.05387e+06     590668 1.85547e+06 
   78.2853 3.04668e+06     591375 1.86195e+06 
   78.3947 3.03951e+06     592065 1.86842e+06 
   78.5039 3.03238e+06     592737 1.87489e+06 
   78.6128 3.02526e+06     593392 1.88135e+06 
   78.7214 3.01817e+06     594030 1.8878e+06 
   78.8298 3.01111e+06     594650 1.89424e+06 
   78.9379 3.00408e+06     595252 1.90067e+06 
   79.0458 2.99707e+06     595838 1.9071e+06 
   79.1534 2.99008e+06     596406 1.91351e+06 
   79.2608 2.98313e+06     596957 1.91992e+06 
   79.3678 2.9762e+06     597491 1.92631e+06 
   79.4747 2.9693e+06     598008 1.9327e+06 
   79.5812 2.96242e+06     598508 1.93907e+06 
   79.6875 2.95557e+06     598992 1.94543e+06 
   79.7935 2.94875e+06     599459 1.95179e+06 
   79.8992 2.94196e+06     599909 1.95813e+06 
   80.0047 2.9352e+06     600343 1.96446e+06 
   80.1099 2.92846e+06     600761 1.97077e+06 
   80.2148 2.92176e+06     601163 1.97708e+06 
   80.3195 2.91508e+06     601548 1.98337e+06 
   80.4239 2.90843e+06     601918 1.98966e+06 
    80.528 2.9018e+06     602271 1.99593e+06 
   80.6319 2.89521e+06     602609 2.00218e+06 
   80.7355 2.88864e+06     602931 2.00843e+06 
   80.8388 2.8821e+06     603238 2.01466e+06 
   80.9419 2.87559e+06     603530 2.02088e+06 
   81.0447 2.86911e+06     603806 2.02709e+06 
   81.1473 2.86265e+06     604067 2.03328e+06 
   81.2496 2.85623e+06     604313 2.03946e+06 
   81.3516 2.84983e+06     604544 2.04563e+06 
   81.4534 2.84345e+06     604760 2.05179e+06 
    81.555 2.83711e+06     604962 2.05793e+06 
   81.6563 2.83079e+06     605149 2.06406e+06 
   81.7574 2.8245e+06     605322 2.07018e+06 
   81.8582 2.81824e+06     605480 2.07628e+06 
   81.9588  2.812e+06     605624 2.08237e+06 
   82.0592 2.80579e+06     605755 2.08845e+06 
   82.1593 2.79961e+06     605871 2.09452e+06 
   82.2592 2.79346e+06     605973 2.10057e+06 
   82.3589 2.78733e+06     606062 2.10661e+06 
   82.4583 2.78122e+06     606137 2.11264e+06 
   82.5576 2.77515e+06     606199 2.11865e+06 
   82.6566 2.7691e+06     606247 2.12466e+06 
   82.7554 2.76307e+06     606282 2.13065e+06 
    82.854 2.75707e+06     606304 2.13662e+06 
   82.9523 2.7511e+06     606313 2.14259e+06 
   83.0505 2.74515e+06     606309 2.14854e+06 
   83.1485 2.73923e+06     606292 2.15448e+06 
   83.2462 2.73333e+06     606262 2.16041e+06 
   83.3438 2.72746e+06     606220 2.16632e+06 
   83.4412 2.72161e+06     606165 2.17223e+06 
   83.5384 2.71579e+06     606098 2.17812e+06 
   83.6354 2.70999e+06     606019  2.184e+06 
   83.7322 2.70421e+06     605927 2.18986e+06 
   83.8288 2.69846e+06     605824 2.19572e+06 
   83.9253 2.69273e+06     605708 2.20156e+06 
   84.0215 2.68703e+06     605581 2.20739e+06 
   84.1176 2.68135e+06     605441 2.21321e+06 
   84.2136 2.67569e+06     605291 2.21902e+06 
   84.3093 2.67006e+06     605128 2.22481e+06 
   84.4049 2.66445e+06     604954 2.23059e+06 
   84.5003 2.65886e+06     604769 2.23637e+06 
   84.5956 2.6533e+06     604572 2.24213e+06 
   84.6907 2.64776e+06     604364 2.24788e+06 
   84.7857 2.64224e+06     604145 2.25362e+06 
   84.8805 2.63674e+06     603914 2.25934e+06 
   84.9752 2.63127e+06     603673 2.26506e+06 
   85.0697 2.62581e+06     603421 2.27077e+06 
   85.1641 2.62038e+06     603159 2.27646e+06 
   85.2583 2.61497e+06     602885 2.28214e+06 
   85.3525 2.60958e+06     602601 2.28781e+06 
   85.4464 2.60422e+06     602306 2.29348e+06 
   85.5403 2.59887e+06     602001 2.29913e+06 
    85.634 2.59355e+06     601686 2.30477e+06 
   85.7276 2.58824e+06     601360 2.3104e+06 
    85.821 2.58296e+06     601024 2.31602e+06 
   85.9144 2.5777e+06     600678 2.32162e+06 
   86.0076 2.57245e+06     600322 2.32722e+06 
   86.1007 2.56723e+06     599956 2.33281e+06 
   86.1937 2.56203e+06     599580 2.33839e+06 
   86.2866 2.55685e+06     599194 2.34396e+06 
   86.3794 2.55169e+06     598799 2.34951e+06 
   86.4721 2.54654e+06     598393 2.35506e+06 
   86.5647 2.54142e+06     597979 2.3606e+06 
   86.6571 2.53632e+06     597554 2.36613e+06 
   86.7495 2.53123e+06     597120 2.37165e+06 
   86.8418 2.52617e+06     596677 2.37715e+06 
    86.934 2.52112e+06     596224 2.38265e+06 
   87.0261 2.5161e+06     595763 2.38814e+06 
   87.1181 2.51109e+06     595292 2.39362e+06 
     87.21 2.5061e+06     594811 2.39909e+06 
   87.3018 2.50113e+06     594322 2.40455e+06 
   87.3936 2.49618e+06     593824   2.41e+06 
   87.4852 2.49124e+06     593317 2.41544e+06 
   87.5768 2.48632e+06     592801 2.42087e+06 
   87.6684 2.48143e+06     592276 2.4263e+06 
   87.7598 2.47655e+06     591743 2.43171e+06 
   87.8512 2.47168e+06     591200 2.43712e+06 
   87.9425 2.46684e+06     590649 2.44251e+06 
   88.0337 2.46201e+06     590090 2.4479e+06 
   88.1249 2.4572e+06     589522 2.45328e+06 
    88.216 2.45241e+06     588946 2.45864e+06 
   88.3071 2.44763e+06     588361  2.464e+06 
   88.3981 2.44288e+06     587768 2.46936e+06 
    88.489 2.43814e+06     587167 2.4747e+06 
   88.5799 2.43341e+06     586558 2.48003e+06 
   88.6707 2.4287e+06     585940 2.48536e+06 
   88.7615 2.42401e+06     585314 2.49067e+06 
   88.8522 2.41934e+06     584681 2.49598e+06 
   88.9429 2.41468e+06     584039 2.50128e+06 
   89.0335 2.41004e+06     583389 2.50657e+06 
   89.1241 2.40542e+06     582732 2.51185e+06 
   89.2147 2.40081e+06     582067 2.51712e+06 
   89.3052 2.39622e+06     581394 2.52239e+06 
   89.3957 2.39164e+06     580713 2.52765e+06 
   89.4861 2.38708e+06     580025 2.5329e+06 
   89.5765 2.38253e+06     579329 2.53814e+06 
   89.6669 2.37801e+06     578625 2.54337e+06 
   89.7572 2.37349e+06     577914 2.54859e+06 
   89.8475  2.369e+06     577196 2.55381e+06 
   89.9378 2.36451e+06     576470 2.55902e+06 
   90.0281 2.36005e+06     575737 2.56422e+06 
   90.1183 2.3556e+06     574997 2.56941e+06 
   90.2085 2.35116e+06     574249 2.57459e+06 
   90.2987 2.34674e+06     573494 2.57977e+06 
   90.3889 2.34233e+06     572732 2.58493e+06 
    90.479 2.33794e+06     571963 2.59009e+06 
   90.5692 2.33357e+06     571187 2.59525e+06 
   90.6593 2.3292e+06     570404 2.60039e+06 
   90.7494 2.32486e+06     569614 2.60553e+06 
   90.8395 2.32053e+06     568817 2.61066e+06 
   90.9296 2.31621e+06     568014 2.61578e+06 
   91.0196 2.31191e+06     567203 2.62089e+06 
   91.1097 2.30762e+06     566386 2.62599e+06 
   91.1998 2.30335e+06     565562 2.63109e+06 
   91.2899 2.29909e+06     564731 2.63618e+06 
   91.3799 2.29484e+06     563894 2.64126e+06 
     91.47 2.29061e+06     563050 2.64634e+06 
     91.56 2.28639e+06     562200 2.65141e+06 
   91.6501 2.28219e+06     561343 2.65647e+06 
   91.7402  2.278e+06     560479 2.66152e+06 
   91.8303 2.27383e+06     559610 2.66656e+06 
   91.9203 2.26967e+06     558734 2.6716e+06 
   92.0104 2.26552e+06     557851 2.67663e+06 
   92.1005 2.26139e+06     556963 2.68165e+06 
   92.1906 2.25727e+06     556068 2.68667e+06 
   92.2808 2.25316e+06     555167 2.69167e+06 
   92.3709 2.24907e+06     554260 2.69667e+06 
    92.461 2.24499e+06     553347 2.70167e+06 
   92.5512 2.24092e+06     552428 2.70665e+06 
   92.6414 2.23687e+06     551503 2.71163e+06 
   92.7316 2.23283e+06     550571 2.7166e+06 
   92.8218 2.2288e+06     549634 2.72156e+06 
   92.9121 2.22479e+06     548691 2.72652e+06 
   93.0023 2.22079e+06     547743 2.73147e+06 
   93.0926 2.2168e+06     546788 2.73641e+06 
   93.1829 2.21283e+06     545828 2.74134e+06 
   93.2733 2.20887e+06     544862 2.74627e+06 
   93.3637 2.20492e+06     543890 2.75119e+06 
   93.4541 2.20098e+06     542913 2.7561e+06 
   93.5445 2.19706e+06     541930 2.76101e+06 
    93.635 2.19315e+06     540942 2.76591e+06 
   93.7255 2.18925e+06     539948 2.7708e+06 
    93.816 2.18537e+06     538949 2.77568e+06 
   93.9066 2.1815e+06     537944 2.78056e+06 
   93.9972 2.17764e+06     536934 2.78543e+06 
   94.0878 2.17379e+06     535918 2.79029e+06 
   94.1785 2.16996e+06     534898 2.79515e+06 
   94.2692 2.16613e+06     533872 2.79999e+06 
     94.36 2.16232e+06     532840 2.80484e+06 
   94.4508 2.15853e+06     531804 2.80967e+06 
   94.5417 2.15474e+06     530762 2.8145e+06 
   94.6326 2.15097e+06     529716 2.81932e+06 
   94.7235 2.14721e+06     528664 2.82413e+06 
   94.8145 2.14346e+06     527607 2.82894e+06 
   94.9056 2.13972e+06     526546 2.83374e+06 
   94.9967 2.13599e+06     525479 2.83853e+06 
   95.0878 2.13228e+06     524407 2.84331e+06 
    95.179 2.12858e+06     523331 2.84809e+06 
   95.2703 2.12489e+06     522250 2.85286e+06 
   95.3616 2.12121e+06     521164 2.85762e+06 
    95.453 2.11755e+06     520073 2.86238e+06 
   95.5444 2.11389e+06     518977 2.86713e+06 
   95.6359 2.11025e+06     517877 2.87187e+06 
   95.7274 2.10662e+06     516772 2.87661e+06 
    95.819  2.103e+06     515663 2.88134e+06 
   95.9107 2.09939e+06     514549 2.88606e+06 
   96.0024 2.09579e+06     513430 2.89078e+06 
   96.0942 2.09221e+06     512307 2.89548e+06 
   96.1861 2.08864e+06     511179 2.90018e+06 
    96.278 2.08507e+06     510047 2.90488e+06 
     96.37 2.08152e+06     508911 2.90957e+06 
   96.4621 2.07798e+06     507770 2.91425e+06 
   96.5542 2.07446e+06     506625 2.91892e+06 
   96.6464 2.07094e+06     505476 2.92359e+06 
   96.7387 2.06743e+06     504323 2.92824e+06 
   96.8311 2.06394e+06     503165 2.9329e+06 
   96.9235 2.06045e+06     502003 2.93754e+06 
    97.016 2.05698e+06     500837 2.94218e+06 
   97.1086 2.05352e+06     499667 2.94681e+06 
   97.2013 2.05007e+06     498493 2.95144e+06 
    97.294 2.04663e+06     497315 2.95605e+06 
   97.3868 2.0432e+06     496132 2.96067e+06 
   97.4797 2.03978e+06     494946 2.96527e+06 
   97.5727 2.03638e+06     493756 2.96987e+06 
   97.6658 2.03298e+06     492562 2.97446e+06 
    97.759 2.0296e+06     491365 2.97904e+06 
   97.8522 2.02622e+06     490163 2.98362e+06 
   97.9455 2.02286e+06     488958 2.98818e+06 
   98.0389 2.0195e+06     487749 2.99275e+06 
   98.1325 2.01616e+06     486536 2.9973e+06 
   98.2261 2.01283e+06     485319 3.00185e+06 
   98.3198 2.00951e+06     484099 3.00639e+06 
   98.4135 2.0062e+06     482875 3.01093e+06 
   98.5074 2.0029e+06     481648 3.01545e+06 
   98.6014 1.99961e+06     480417 3.01997e+06 
   98.6955 1.99633e+06     479183 3.02449e+06 
   98.7896 1.99306e+06     477945 3.02899e+06 
   98.8839 1.9898e+06     476704 3.03349e+06 
   98.9783 1.98655e+06     475459 3.03799e+06 
   99.0728 1.98332e+06     474211 3.04247e+06 
   99.1673 1.98009e+06     472960 3.04695e+06 
    99.262 1.97687e+06     471705 3.05142e+06 
   99.3568 1.97366e+06     470447 3.05589e+06 
   99.4517 1.97047e+06     469186 3.06035e+06 
   99.5467 1.96728e+06     467922 3.0648e+06 
   99.6418 1.9641e+06     466654 3.06924e+06 
    99.737 1.96094e+06     465384 3.07368e+06 
   99.8323 1.95778e+06     464110 3.07811e+06 
   99.9278 1.95463e+06     462833 3.08253e+06 
       100 1.95226e+06     461866 3.08587e+06 
