  0.000000   -0.003479
  0.031521    0.028384
  0.063042    0.060159
  0.094563    0.091821
  0.126084    0.123346
  0.157605    0.154707
  0.189126    0.185880
  0.220647    0.216839
  0.252168    0.247557
  0.283689    0.278010
  0.315210    0.308170
  0.346731    0.338012
  0.378252    0.367509
  0.409773    0.396636
  0.441294    0.425367
  0.472815    0.453675
  0.504336    0.481535
  0.535857    0.508922
  0.567378    0.535808
  0.598899    0.562171
  0.630420    0.587984
  0.661941    0.613223
  0.693462    0.637863
  0.724983    0.661882
  0.756504    0.685254
  0.788025    0.707958
  0.819546    0.729970
  0.851067    0.751269
  0.882588    0.771834
  0.914109    0.791642
  0.945630    0.810675
  0.977151    0.828912
  1.008672    0.846334
  1.040193    0.862924
  1.071714    0.878664
  1.103235    0.893537
  1.134756    0.907527
  1.166277    0.920620
  1.197798    0.932801
  1.229319    0.944056
  1.260840    0.954374
  1.292361    0.963743
  1.323882    0.972153
  1.355403    0.979593
  1.386924    0.986056
  1.418445    0.991534
  1.449966    0.996020
  1.481487    0.999509
  1.513008    1.001996
  1.544529    1.003478
  1.576050    1.003953
  1.607571    1.003419
  1.639092    1.001876
  1.670613    0.999325
  1.702134    0.995768
  1.733655    0.991208
  1.765176    0.985649
  1.796697    0.979097
  1.828218    0.971557
  1.859739    0.963037
  1.891260    0.953546
  1.922781    0.943093
  1.954302    0.931688
  1.985823    0.919343
  2.017344    0.906070
  2.048865    0.891883
  2.080386    0.876798
  2.111907    0.860828
  2.143428    0.843991
  2.174949    0.826304
  2.206470    0.807785
  2.237991    0.788454
  2.269512    0.768330
  2.301033    0.747435
  2.332554    0.725790
  2.364075    0.703418
  2.395596    0.680342
  2.427117    0.656586
  2.458638    0.632175
  2.490159    0.607133
  2.521680    0.581488
  2.553201    0.555265
  2.584722    0.528491
  2.616243    0.501196
  2.647764    0.473405
  2.679285    0.445149
  2.710806    0.416457
  2.742327    0.387357
  2.773848    0.357880
  2.805369    0.328056
  2.836890    0.297916
  2.868411    0.267490
  2.899932    0.236809
  2.931453    0.205905
  2.962974    0.174809
  2.994495    0.143552
  3.026016    0.112166
  3.057537    0.080683
  3.089058    0.049134
  3.120579    0.017551
  3.152100   -0.014034
  3.183621   -0.045591
  3.215142   -0.077087
  3.246663   -0.108491
  3.278184   -0.139772
  3.309705   -0.170899
  3.341226   -0.201842
  3.372747   -0.232570
  3.404268   -0.263053
  3.435789   -0.293261
  3.467310   -0.323164
  3.498831   -0.352734
  3.530352   -0.381942
  3.561873   -0.410760
  3.593394   -0.439159
  3.624915   -0.467112
  3.656436   -0.494592
  3.687957   -0.521574
  3.719478   -0.548031
  3.750999   -0.573937
  3.782520   -0.599269
  3.814041   -0.624002
  3.845562   -0.648112
  3.877083   -0.671577
  3.908604   -0.694375
  3.940125   -0.716483
  3.971646   -0.737882
  4.003167   -0.758550
  4.034688   -0.778469
  4.066209   -0.797620
  4.097730   -0.815984
  4.129251   -0.833545
  4.160772   -0.850285
  4.192293   -0.866190
  4.223814   -0.881244
  4.255335   -0.895433
  4.286856   -0.908744
  4.318377   -0.921165
  4.349898   -0.932683
  4.381419   -0.943287
  4.412940   -0.952969
  4.444461   -0.961717
  4.475982   -0.969525
  4.507503   -0.976385
  4.539023   -0.982290
  4.570544   -0.987234
  4.602065   -0.991212
  4.633586   -0.994221
  4.665107   -0.996257
  4.696628   -0.997318
  4.728149   -0.997403
  4.759670   -0.996511
  4.791191   -0.994643
  4.822712   -0.991799
  4.854233   -0.987983
  4.885754   -0.983197
  4.917275   -0.977446
  4.948796   -0.970733
  4.980317   -0.963065
  5.011838   -0.954449
  5.043359   -0.944893
  5.074880   -0.934403
  5.106401   -0.922991
  5.137922   -0.910666
  5.169443   -0.897439
  5.200964   -0.883322
  5.232485   -0.868328
  5.264006   -0.852471
  5.295527   -0.835764
  5.327048   -0.818225
  5.358569   -0.799868
  5.390090   -0.780710
  5.421611   -0.760770
  5.453132   -0.740066
  5.484653   -0.718618
  5.516174   -0.696445
  5.547695   -0.673569
  5.579216   -0.650011
  5.610737   -0.625793
  5.642258   -0.600940
  5.673779   -0.575474
  5.705300   -0.549420
  5.736821   -0.522804
  5.768342   -0.495650
  5.799863   -0.467986
  5.831384   -0.439839
  5.862905   -0.411236
  5.894426   -0.382205
  5.925947   -0.352775
  5.957468   -0.322975
  5.988989   -0.292835
  6.020510   -0.262385
  6.052031   -0.231655
  6.083552   -0.200676
  6.115073   -0.169479
  6.146594   -0.138097
  6.178115   -0.106560
  6.209636   -0.074901
  6.241157   -0.043153
  6.272678   -0.011347
  6.304199    0.020484
  6.335720    0.052307
  6.367241    0.084088
  6.398762    0.115796
  6.430283    0.147397
  6.461804    0.178859
  6.493325    0.210148
  6.524846    0.241232
  6.556367    0.272079
  6.587888    0.302655
  6.619409    0.332930
  6.650930    0.362871
  6.682451    0.392446
  6.713972    0.421625
  6.745493    0.450377
  6.777014    0.478671
  6.808535    0.506477
  6.840056    0.533766
  6.871577    0.560510
  6.903098    0.586680
  6.934619    0.612247
  6.966140    0.637186
  6.997661    0.661470
  7.029182    0.685074
  7.060703    0.707972
  7.092224    0.730141
  7.123745    0.751557
  7.155266    0.772198
  7.186787    0.792043
  7.218308    0.811071
  7.249829    0.829263
  7.281350    0.846599
  7.312871    0.863063
  7.344392    0.878638
  7.375913    0.893308
  7.407434    0.907058
  7.438955    0.919876
  7.470476    0.931748
  7.501997    0.942664
  7.533518    0.952614
  7.565039    0.961589
  7.596560    0.969580
  7.628081    0.976582
  7.659602    0.982588
  7.691123    0.987594
  7.722644    0.991598
  7.754165    0.994597
  7.785686    0.996590
  7.817207    0.997578
  7.848728    0.997563
  7.880249    0.996546
  7.911770    0.994531
  7.943291    0.991524
  7.974812    0.987531
  8.006333    0.982558
  8.037854    0.976614
  8.069375    0.969709
  8.100896    0.961851
  8.132417    0.953054
  8.163938    0.943329
  8.195459    0.932689
  8.226980    0.921149
  8.258501    0.908724
  8.290022    0.895431
  8.321543    0.881286
  8.353064    0.866306
  8.384585    0.850512
  8.416106    0.833921
  8.447627    0.816555
  8.479148    0.798434
  8.510669    0.779580
  8.542190    0.760014
  8.573711    0.739760
  8.605232    0.718840
  8.636753    0.697279
  8.668274    0.675101
  8.699795    0.652331
  8.731316    0.628993
  8.762837    0.605113
  8.794358    0.580718
  8.825879    0.555832
  8.857400    0.530482
  8.888921    0.504695
  8.920442    0.478498
  8.951963    0.451916
  8.983484    0.424977
  9.015005    0.397708
  9.046526    0.370135
  9.078047    0.342286
  9.109568    0.314186
  9.141089    0.285863
  9.172610    0.257343
  9.204131    0.228652
  9.235652    0.199816
  9.267173    0.170861
  9.298694    0.141813
  9.330215    0.112696
  9.361736    0.083535
  9.393257    0.054355
  9.424778    0.025180
