  0.000000    0.000000
  0.192342    0.191159
  0.384685    0.375267
  0.577027    0.545535
  0.769370    0.695683
  0.961712    0.820172
  1.154054    0.914413
  1.346397    0.974928
  1.538739    0.999486
  1.731082    0.987182
  1.923424    0.938468
  2.115766    0.855143
  2.308109    0.740278
  2.500451    0.598111
  2.692794    0.433884
  2.885136    0.253655
  3.077479    0.064070
  3.269821   -0.127877
  3.462163   -0.315108
  3.654506   -0.490718
  3.846848   -0.648228
  4.039191   -0.781831
  4.231533   -0.886599
  4.423875   -0.958668
  4.616218   -0.995379
  4.808560   -0.995379
  5.000903   -0.958668
  5.193245   -0.886599
  5.385587   -0.781831
  5.577930   -0.648228
  5.770272   -0.490718
  5.962615   -0.315108
  6.154957   -0.127877
  6.347299    0.064070
  6.539642    0.253655
  6.731984    0.433884
  6.924327    0.598111
  7.116669    0.740278
  7.309011    0.855143
  7.501354    0.938468
  7.693696    0.987182
  7.886039    0.999486
  8.078381    0.974928
  8.270724    0.914413
  8.463066    0.820172
  8.655408    0.695683
  8.847751    0.545535
  9.040093    0.375267
  9.232436    0.191159
  9.424778    0.000000
