  0.000000    0.000000
  0.031521    0.000497
  0.063042    0.001986
  0.094563    0.004468
  0.126084    0.007938
  0.157605    0.012394
  0.189126    0.017831
  0.220647    0.024244
  0.252168    0.031626
  0.283689    0.039971
  0.315210    0.049269
  0.346731    0.059511
  0.378252    0.070688
  0.409773    0.082789
  0.441294    0.095800
  0.472815    0.109710
  0.504336    0.124504
  0.535857    0.140169
  0.567378    0.156687
  0.598899    0.174043
  0.630420    0.192220
  0.661941    0.211199
  0.693462    0.230962
  0.724983    0.251489
  0.756504    0.272760
  0.788025    0.294753
  0.819546    0.317447
  0.851067    0.340819
  0.882588    0.364846
  0.914109    0.389503
  0.945630    0.414768
  0.977151    0.440614
  1.008672    0.467015
  1.040193    0.493946
  1.071714    0.521380
  1.103235    0.549289
  1.134756    0.577646
  1.166277    0.606423
  1.197798    0.635591
  1.229319    0.665120
  1.260840    0.694983
  1.292361    0.725148
  1.323882    0.755587
  1.355403    0.786268
  1.386924    0.817162
  1.418445    0.848237
  1.449966    0.879463
  1.481487    0.910809
  1.513008    0.942244
  1.544529    0.973736
  1.576050    1.005253
  1.607571    1.036766
  1.639092    1.068242
  1.670613    1.099651
  1.702134    1.130960
  1.733655    1.162140
  1.765176    1.193158
  1.796697    1.223984
  1.828218    1.254588
  1.859739    1.284939
  1.891260    1.315006
  1.922781    1.344761
  1.954302    1.374174
  1.985823    1.403214
  2.017344    1.431854
  2.048865    1.460065
  2.080386    1.487819
  2.111907    1.515088
  2.143428    1.541846
  2.174949    1.568065
  2.206470    1.593720
  2.237991    1.618784
  2.269512    1.643235
  2.301033    1.667046
  2.332554    1.690194
  2.364075    1.712657
  2.395596    1.734412
  2.427117    1.755437
  2.458638    1.775711
  2.490159    1.795215
  2.521680    1.813929
  2.553201    1.831834
  2.584722    1.848913
  2.616243    1.865148
  2.647764    1.880524
  2.679285    1.895026
  2.710806    1.908637
  2.742327    1.921347
  2.773848    1.933140
  2.805369    1.944007
  2.836890    1.953936
  2.868411    1.962917
  2.899932    1.970942
  2.931453    1.978002
  2.962974    1.984090
  2.994495    1.989201
  3.026016    1.993328
  3.057537    1.996469
  3.089058    1.998620
  3.120579    1.999779
  3.152100    1.999945
  3.183621    1.999117
  3.215142    1.997296
  3.246663    1.994485
  3.278184    1.990686
  3.309705    1.985902
  3.341226    1.980139
  3.372747    1.973403
  3.404268    1.965699
  3.435789    1.957036
  3.467310    1.947422
  3.498831    1.936866
  3.530352    1.925380
  3.561873    1.912975
  3.593394    1.899662
  3.624915    1.885456
  3.656436    1.870370
  3.687957    1.854419
  3.719478    1.837620
  3.750999    1.819988
  3.782520    1.801542
  3.814041    1.782299
  3.845562    1.762279
  3.877083    1.741502
  3.908604    1.719988
  3.940125    1.697759
  3.971646    1.674837
  4.003167    1.651244
  4.034688    1.627004
  4.066209    1.602141
  4.097730    1.576680
  4.129251    1.550646
  4.160772    1.524065
  4.192293    1.496964
  4.223814    1.469368
  4.255335    1.441307
  4.286856    1.412807
  4.318377    1.383897
  4.349898    1.354605
  4.381419    1.324961
  4.412940    1.294994
  4.444461    1.264734
  4.475982    1.234212
  4.507503    1.203456
  4.539023    1.172498
  4.570544    1.141369
  4.602065    1.110100
  4.633586    1.078721
  4.665107    1.047264
  4.696628    1.015760
  4.728149    0.984240
  4.759670    0.952736
  4.791191    0.921279
  4.822712    0.889900
  4.854233    0.858631
  4.885754    0.827502
  4.917275    0.796544
  4.948796    0.765788
  4.980317    0.735266
  5.011838    0.705006
  5.043359    0.675039
  5.074880    0.645395
  5.106401    0.616103
  5.137922    0.587193
  5.169443    0.558693
  5.200964    0.530632
  5.232485    0.503036
  5.264006    0.475935
  5.295527    0.449354
  5.327048    0.423320
  5.358569    0.397859
  5.390090    0.372996
  5.421611    0.348756
  5.453132    0.325163
  5.484653    0.302241
  5.516174    0.280012
  5.547695    0.258498
  5.579216    0.237721
  5.610737    0.217701
  5.642258    0.198458
  5.673779    0.180012
  5.705300    0.162380
  5.736821    0.145581
  5.768342    0.129630
  5.799863    0.114544
  5.831384    0.100338
  5.862905    0.087025
  5.894426    0.074620
  5.925947    0.063134
  5.957468    0.052578
  5.988989    0.042964
  6.020510    0.034301
  6.052031    0.026597
  6.083552    0.019861
  6.115073    0.014098
  6.146594    0.009314
  6.178115    0.005515
  6.209636    0.002704
  6.241157    0.000883
  6.272678    0.000055
  6.304199    0.000221
  6.335720    0.001380
  6.367241    0.003531
  6.398762    0.006672
  6.430283    0.010799
  6.461804    0.015910
  6.493325    0.021998
  6.524846    0.029058
  6.556367    0.037083
  6.587888    0.046064
  6.619409    0.055993
  6.650930    0.066860
  6.682451    0.078653
  6.713972    0.091363
  6.745493    0.104974
  6.777014    0.119476
  6.808535    0.134852
  6.840056    0.151087
  6.871577    0.168166
  6.903098    0.186071
  6.934619    0.204785
  6.966140    0.224289
  6.997661    0.244563
  7.029182    0.265588
  7.060703    0.287343
  7.092224    0.309806
  7.123745    0.332954
  7.155266    0.356765
  7.186787    0.381216
  7.218308    0.406280
  7.249829    0.431935
  7.281350    0.458154
  7.312871    0.484912
  7.344392    0.512181
  7.375913    0.539935
  7.407434    0.568146
  7.438955    0.596786
  7.470476    0.625826
  7.501997    0.655239
  7.533518    0.684994
  7.565039    0.715061
  7.596560    0.745412
  7.628081    0.776016
  7.659602    0.806842
  7.691123    0.837860
  7.722644    0.869040
  7.754165    0.900349
  7.785686    0.931758
  7.817207    0.963234
  7.848728    0.994747
  7.880249    1.026264
  7.911770    1.057756
  7.943291    1.089191
  7.974812    1.120537
  8.006333    1.151763
  8.037854    1.182838
  8.069375    1.213732
  8.100896    1.244413
  8.132417    1.274852
  8.163938    1.305017
  8.195459    1.334880
  8.226980    1.364409
  8.258501    1.393577
  8.290022    1.422354
  8.321543    1.450711
  8.353064    1.478620
  8.384585    1.506054
  8.416106    1.532985
  8.447627    1.559386
  8.479148    1.585232
  8.510669    1.610497
  8.542190    1.635154
  8.573711    1.659181
  8.605232    1.682553
  8.636753    1.705247
  8.668274    1.727240
  8.699795    1.748511
  8.731316    1.769038
  8.762837    1.788801
  8.794358    1.807780
  8.825879    1.825957
  8.857400    1.843313
  8.888921    1.859831
  8.920442    1.875496
  8.951963    1.890290
  8.983484    1.904200
  9.015005    1.917211
  9.046526    1.929312
  9.078047    1.940489
  9.109568    1.950731
  9.141089    1.960029
  9.172610    1.968374
  9.204131    1.975756
  9.235652    1.982169
  9.267173    1.987606
  9.298694    1.992062
  9.330215    1.995532
  9.361736    1.998014
  9.393257    1.999503
  9.424778    2.000000
