  0.000000    1.000000
  0.031521    0.999503
  0.063042    0.998014
  0.094563    0.995532
  0.126084    0.992062
  0.157605    0.987606
  0.189126    0.982169
  0.220647    0.975756
  0.252168    0.968374
  0.283689    0.960029
  0.315210    0.950731
  0.346731    0.940489
  0.378252    0.929312
  0.409773    0.917211
  0.441294    0.904200
  0.472815    0.890290
  0.504336    0.875496
  0.535857    0.859831
  0.567378    0.843313
  0.598899    0.825957
  0.630420    0.807780
  0.661941    0.788801
  0.693462    0.769038
  0.724983    0.748511
  0.756504    0.727240
  0.788025    0.705247
  0.819546    0.682553
  0.851067    0.659181
  0.882588    0.635154
  0.914109    0.610497
  0.945630    0.585232
  0.977151    0.559386
  1.008672    0.532985
  1.040193    0.506054
  1.071714    0.478620
  1.103235    0.450711
  1.134756    0.422354
  1.166277    0.393577
  1.197798    0.364409
  1.229319    0.334880
  1.260840    0.305017
  1.292361    0.274852
  1.323882    0.244413
  1.355403    0.213732
  1.386924    0.182838
  1.418445    0.151763
  1.449966    0.120537
  1.481487    0.089191
  1.513008    0.057756
  1.544529    0.026264
  1.576050   -0.005253
  1.607571   -0.036766
  1.639092   -0.068242
  1.670613   -0.099651
  1.702134   -0.130960
  1.733655   -0.162140
  1.765176   -0.193158
  1.796697   -0.223984
  1.828218   -0.254588
  1.859739   -0.284939
  1.891260   -0.315006
  1.922781   -0.344761
  1.954302   -0.374174
  1.985823   -0.403214
  2.017344   -0.431854
  2.048865   -0.460065
  2.080386   -0.487819
  2.111907   -0.515088
  2.143428   -0.541846
  2.174949   -0.568065
  2.206470   -0.593720
  2.237991   -0.618784
  2.269512   -0.643235
  2.301033   -0.667046
  2.332554   -0.690194
  2.364075   -0.712657
  2.395596   -0.734412
  2.427117   -0.755437
  2.458638   -0.775711
  2.490159   -0.795215
  2.521680   -0.813929
  2.553201   -0.831834
  2.584722   -0.848913
  2.616243   -0.865148
  2.647764   -0.880524
  2.679285   -0.895026
  2.710806   -0.908637
  2.742327   -0.921347
  2.773848   -0.933140
  2.805369   -0.944007
  2.836890   -0.953936
  2.868411   -0.962917
  2.899932   -0.970942
  2.931453   -0.978002
  2.962974   -0.984090
  2.994495   -0.989201
  3.026016   -0.993328
  3.057537   -0.996469
  3.089058   -0.998620
  3.120579   -0.999779
  3.152100   -0.999945
  3.183621   -0.999117
  3.215142   -0.997296
  3.246663   -0.994485
  3.278184   -0.990686
  3.309705   -0.985902
  3.341226   -0.980139
  3.372747   -0.973403
  3.404268   -0.965699
  3.435789   -0.957036
  3.467310   -0.947422
  3.498831   -0.936866
  3.530352   -0.925380
  3.561873   -0.912975
  3.593394   -0.899662
  3.624915   -0.885456
  3.656436   -0.870370
  3.687957   -0.854419
  3.719478   -0.837620
  3.750999   -0.819988
  3.782520   -0.801542
  3.814041   -0.782299
  3.845562   -0.762279
  3.877083   -0.741502
  3.908604   -0.719988
  3.940125   -0.697759
  3.971646   -0.674837
  4.003167   -0.651244
  4.034688   -0.627004
  4.066209   -0.602141
  4.097730   -0.576680
  4.129251   -0.550646
  4.160772   -0.524065
  4.192293   -0.496964
  4.223814   -0.469368
  4.255335   -0.441307
  4.286856   -0.412807
  4.318377   -0.383897
  4.349898   -0.354605
  4.381419   -0.324961
  4.412940   -0.294994
  4.444461   -0.264734
  4.475982   -0.234212
  4.507503   -0.203456
  4.539023   -0.172498
  4.570544   -0.141369
  4.602065   -0.110100
  4.633586   -0.078721
  4.665107   -0.047264
  4.696628   -0.015760
  4.728149    0.015760
  4.759670    0.047264
  4.791191    0.078721
  4.822712    0.110100
  4.854233    0.141369
  4.885754    0.172498
  4.917275    0.203456
  4.948796    0.234212
  4.980317    0.264734
  5.011838    0.294994
  5.043359    0.324961
  5.074880    0.354605
  5.106401    0.383897
  5.137922    0.412807
  5.169443    0.441307
  5.200964    0.469368
  5.232485    0.496964
  5.264006    0.524065
  5.295527    0.550646
  5.327048    0.576680
  5.358569    0.602141
  5.390090    0.627004
  5.421611    0.651244
  5.453132    0.674837
  5.484653    0.697759
  5.516174    0.719988
  5.547695    0.741502
  5.579216    0.762279
  5.610737    0.782299
  5.642258    0.801542
  5.673779    0.819988
  5.705300    0.837620
  5.736821    0.854419
  5.768342    0.870370
  5.799863    0.885456
  5.831384    0.899662
  5.862905    0.912975
  5.894426    0.925380
  5.925947    0.936866
  5.957468    0.947422
  5.988989    0.957036
  6.020510    0.965699
  6.052031    0.973403
  6.083552    0.980139
  6.115073    0.985902
  6.146594    0.990686
  6.178115    0.994485
  6.209636    0.997296
  6.241157    0.999117
  6.272678    0.999945
  6.304199    0.999779
  6.335720    0.998620
  6.367241    0.996469
  6.398762    0.993328
  6.430283    0.989201
  6.461804    0.984090
  6.493325    0.978002
  6.524846    0.970942
  6.556367    0.962917
  6.587888    0.953936
  6.619409    0.944007
  6.650930    0.933140
  6.682451    0.921347
  6.713972    0.908637
  6.745493    0.895026
  6.777014    0.880524
  6.808535    0.865148
  6.840056    0.848913
  6.871577    0.831834
  6.903098    0.813929
  6.934619    0.795215
  6.966140    0.775711
  6.997661    0.755437
  7.029182    0.734412
  7.060703    0.712657
  7.092224    0.690194
  7.123745    0.667046
  7.155266    0.643235
  7.186787    0.618784
  7.218308    0.593720
  7.249829    0.568065
  7.281350    0.541846
  7.312871    0.515088
  7.344392    0.487819
  7.375913    0.460065
  7.407434    0.431854
  7.438955    0.403214
  7.470476    0.374174
  7.501997    0.344761
  7.533518    0.315006
  7.565039    0.284939
  7.596560    0.254588
  7.628081    0.223984
  7.659602    0.193158
  7.691123    0.162140
  7.722644    0.130960
  7.754165    0.099651
  7.785686    0.068242
  7.817207    0.036766
  7.848728    0.005253
  7.880249   -0.026264
  7.911770   -0.057756
  7.943291   -0.089191
  7.974812   -0.120537
  8.006333   -0.151763
  8.037854   -0.182838
  8.069375   -0.213732
  8.100896   -0.244413
  8.132417   -0.274852
  8.163938   -0.305017
  8.195459   -0.334880
  8.226980   -0.364409
  8.258501   -0.393577
  8.290022   -0.422354
  8.321543   -0.450711
  8.353064   -0.478620
  8.384585   -0.506054
  8.416106   -0.532985
  8.447627   -0.559386
  8.479148   -0.585232
  8.510669   -0.610497
  8.542190   -0.635154
  8.573711   -0.659181
  8.605232   -0.682553
  8.636753   -0.705247
  8.668274   -0.727240
  8.699795   -0.748511
  8.731316   -0.769038
  8.762837   -0.788801
  8.794358   -0.807780
  8.825879   -0.825957
  8.857400   -0.843313
  8.888921   -0.859831
  8.920442   -0.875496
  8.951963   -0.890290
  8.983484   -0.904200
  9.015005   -0.917211
  9.046526   -0.929312
  9.078047   -0.940489
  9.109568   -0.950731
  9.141089   -0.960029
  9.172610   -0.968374
  9.204131   -0.975756
  9.235652   -0.982169
  9.267173   -0.987606
  9.298694   -0.992062
  9.330215   -0.995532
  9.361736   -0.998014
  9.393257   -0.999503
  9.424778   -1.000000
