  0.000000    0.000000
  0.031521    0.000393
  0.063042    0.001788
  0.094563    0.004184
  0.126084    0.007576
  0.157605    0.011958
  0.189126    0.017327
  0.220647    0.023674
  0.252168    0.030994
  0.283689    0.039278
  0.315210    0.048517
  0.346731    0.058702
  0.378252    0.069823
  0.409773    0.081867
  0.441294    0.094823
  0.472815    0.108678
  0.504336    0.123419
  0.535857    0.139030
  0.567378    0.155497
  0.598899    0.172803
  0.630420    0.190932
  0.661941    0.209865
  0.693462    0.229584
  0.724983    0.250071
  0.756504    0.271304
  0.788025    0.293263
  0.819546    0.315928
  0.851067    0.339275
  0.882588    0.363282
  0.914109    0.387925
  0.945630    0.413180
  0.977151    0.439023
  1.008672    0.465428
  1.040193    0.492369
  1.071714    0.519819
  1.103235    0.547752
  1.134756    0.576140
  1.166277    0.604955
  1.197798    0.634169
  1.229319    0.663751
  1.260840    0.693674
  1.292361    0.723907
  1.323882    0.754420
  1.355403    0.785183
  1.386924    0.816165
  1.418445    0.847336
  1.449966    0.878663
  1.481487    0.910116
  1.513008    0.941664
  1.544529    0.973274
  1.576050    1.004914
  1.607571    1.036554
  1.639092    1.068161
  1.670613    1.099704
  1.702134    1.131150
  1.733655    1.162468
  1.765176    1.193627
  1.796697    1.224595
  1.828218    1.255341
  1.859739    1.285834
  1.891260    1.316043
  1.922781    1.345937
  1.954302    1.375487
  1.985823    1.404663
  2.017344    1.433435
  2.048865    1.461774
  2.080386    1.489651
  2.111907    1.517039
  2.143428    1.543910
  2.174949    1.570237
  2.206470    1.595994
  2.237991    1.621153
  2.269512    1.645691
  2.301033    1.669582
  2.332554    1.692803
  2.364075    1.715330
  2.395596    1.737140
  2.427117    1.758213
  2.458638    1.778526
  2.490159    1.798060
  2.521680    1.816795
  2.553201    1.834712
  2.584722    1.851794
  2.616243    1.868023
  2.647764    1.883385
  2.679285    1.897863
  2.710806    1.911443
  2.742327    1.924113
  2.773848    1.935859
  2.805369    1.946671
  2.836890    1.956537
  2.868411    1.965449
  2.899932    1.973398
  2.931453    1.980376
  2.962974    1.986376
  2.994495    1.991394
  3.026016    1.995425
  3.057537    1.998464
  3.089058    2.000510
  3.120579    2.001562
  3.152100    2.001617
  3.183621    2.000677
  3.215142    1.998743
  3.246663    1.995818
  3.278184    1.991905
  3.309705    1.987008
  3.341226    1.981133
  3.372747    1.974286
  3.404268    1.966474
  3.435789    1.957706
  3.467310    1.947990
  3.498831    1.937336
  3.530352    1.925756
  3.561873    1.913262
  3.593394    1.899866
  3.624915    1.885581
  3.656436    1.870423
  3.687957    1.854406
  3.719478    1.837547
  3.750999    1.819863
  3.782520    1.801371
  3.814041    1.782090
  3.845562    1.762040
  3.877083    1.741239
  3.908604    1.719709
  3.940125    1.697471
  3.971646    1.674548
  4.003167    1.650961
  4.034688    1.626735
  4.066209    1.601893
  4.097730    1.576460
  4.129251    1.550460
  4.160772    1.523920
  4.192293    1.496866
  4.223814    1.469323
  4.255335    1.441319
  4.286856    1.412882
  4.318377    1.384040
  4.349898    1.354820
  4.381419    1.325251
  4.412940    1.295363
  4.444461    1.265184
  4.475982    1.234744
  4.507503    1.204073
  4.539023    1.173201
  4.570544    1.142157
  4.602065    1.110974
  4.633586    1.079680
  4.665107    1.048306
  4.696628    1.016884
  4.728149    0.985444
  4.759670    0.954016
  4.791191    0.922632
  4.822712    0.891322
  4.854233    0.860117
  4.885754    0.829048
  4.917275    0.798144
  4.948796    0.767438
  4.980317    0.736957
  5.011838    0.706734
  5.043359    0.676797
  5.074880    0.647176
  5.106401    0.617900
  5.137922    0.588998
  5.169443    0.560499
  5.200964    0.532431
  5.232485    0.504822
  5.264006    0.477699
  5.295527    0.451090
  5.327048    0.425020
  5.358569    0.399516
  5.390090    0.374603
  5.421611    0.350306
  5.453132    0.326650
  5.484653    0.303659
  5.516174    0.281355
  5.547695    0.259761
  5.579216    0.238899
  5.610737    0.218790
  5.642258    0.199455
  5.673779    0.180912
  5.705300    0.163182
  5.736821    0.146281
  5.768342    0.130229
  5.799863    0.115040
  5.831384    0.100731
  5.862905    0.087316
  5.894426    0.074810
  5.925947    0.063226
  5.957468    0.052575
  5.988989    0.042868
  6.020510    0.034117
  6.052031    0.026330
  6.083552    0.019516
  6.115073    0.013681
  6.146594    0.008833
  6.178115    0.004977
  6.209636    0.002117
  6.241157    0.000256
  6.272678   -0.000603
  6.304199   -0.000459
  6.335720    0.000688
  6.367241    0.002838
  6.398762    0.005989
  6.430283    0.010137
  6.461804    0.015279
  6.493325    0.021411
  6.524846    0.028525
  6.556367    0.036616
  6.587888    0.045675
  6.619409    0.055693
  6.650930    0.066660
  6.682451    0.078565
  6.713972    0.091396
  6.745493    0.105141
  6.777014    0.119784
  6.808535    0.135312
  6.840056    0.151708
  6.871577    0.168956
  6.903098    0.187038
  6.934619    0.205935
  6.966140    0.225628
  6.997661    0.246098
  7.029182    0.267322
  7.060703    0.289279
  7.092224    0.311946
  7.123745    0.335300
  7.155266    0.359317
  7.186787    0.383973
  7.218308    0.409241
  7.249829    0.435096
  7.281350    0.461510
  7.312871    0.488458
  7.344392    0.515910
  7.375913    0.543839
  7.407434    0.572216
  7.438955    0.601012
  7.470476    0.630197
  7.501997    0.659741
  7.533518    0.689615
  7.565039    0.719786
  7.596560    0.750225
  7.628081    0.780900
  7.659602    0.811780
  7.691123    0.842834
  7.722644    0.874029
  7.754165    0.905335
  7.785686    0.936720
  7.817207    0.968152
  7.848728    0.999599
  7.880249    1.031030
  7.911770    1.062413
  7.943291    1.093716
  7.974812    1.124910
  8.006333    1.155962
  8.037854    1.186842
  8.069375    1.217520
  8.100896    1.247964
  8.132417    1.278147
  8.163938    1.308037
  8.195459    1.337606
  8.226980    1.366826
  8.258501    1.395668
  8.290022    1.424105
  8.321543    1.452109
  8.353064    1.479654
  8.384585    1.506714
  8.416106    1.533264
  8.447627    1.559278
  8.479148    1.584733
  8.510669    1.609605
  8.542190    1.633872
  8.573711    1.657511
  8.605232    1.680501
  8.636753    1.702821
  8.668274    1.724452
  8.699795    1.745375
  8.731316    1.765570
  8.762837    1.785022
  8.794358    1.803713
  8.825879    1.821626
  8.857400    1.838748
  8.888921    1.855065
  8.920442    1.870561
  8.951963    1.885226
  8.983484    1.899047
  9.015005    1.912014
  9.046526    1.924116
  9.078047    1.935345
  9.109568    1.945692
  9.141089    1.955150
  9.172610    1.963711
  9.204131    1.971371
  9.235652    1.978124
  9.267173    1.983967
  9.298694    1.988895
  9.330215    1.992906
  9.361736    1.995999
  9.393257    1.998172
  9.424778    1.999426
