  0.000000    0.013546
  0.031521    0.044444
  0.063042    0.075235
  0.094563    0.105894
  0.126084    0.136397
  0.157605    0.166721
  0.189126    0.196841
  0.220647    0.226733
  0.252168    0.256373
  0.283689    0.285735
  0.315210    0.314795
  0.346731    0.343529
  0.378252    0.371912
  0.409773    0.399920
  0.441294    0.427527
  0.472815    0.454710
  0.504336    0.481445
  0.535857    0.507707
  0.567378    0.533473
  0.598899    0.558718
  0.630420    0.583420
  0.661941    0.607556
  0.693462    0.631102
  0.724983    0.654038
  0.756504    0.676340
  0.788025    0.697987
  0.819546    0.718958
  0.851067    0.739234
  0.882588    0.758793
  0.914109    0.777616
  0.945630    0.795686
  0.977151    0.812982
  1.008672    0.829489
  1.040193    0.845189
  1.071714    0.860066
  1.103235    0.874104
  1.134756    0.887289
  1.166277    0.899607
  1.197798    0.911045
  1.229319    0.921591
  1.260840    0.931233
  1.292361    0.939961
  1.323882    0.947765
  1.355403    0.954636
  1.386924    0.960567
  1.418445    0.965550
  1.449966    0.969580
  1.481487    0.972652
  1.513008    0.974761
  1.544529    0.975905
  1.576050    0.976082
  1.607571    0.975290
  1.639092    0.973530
  1.670613    0.970802
  1.702134    0.967109
  1.733655    0.962453
  1.765176    0.956838
  1.796697    0.950269
  1.828218    0.942753
  1.859739    0.934295
  1.891260    0.924905
  1.922781    0.914591
  1.954302    0.903363
  1.985823    0.891231
  2.017344    0.878209
  2.048865    0.864307
  2.080386    0.849540
  2.111907    0.833923
  2.143428    0.817471
  2.174949    0.800200
  2.206470    0.782128
  2.237991    0.763272
  2.269512    0.743651
  2.301033    0.723285
  2.332554    0.702194
  2.364075    0.680400
  2.395596    0.657923
  2.427117    0.634787
  2.458638    0.611015
  2.490159    0.586631
  2.521680    0.561658
  2.553201    0.536122
  2.584722    0.510048
  2.616243    0.483463
  2.647764    0.456392
  2.679285    0.428863
  2.710806    0.400904
  2.742327    0.372541
  2.773848    0.343804
  2.805369    0.314720
  2.836890    0.285319
  2.868411    0.255629
  2.899932    0.225679
  2.931453    0.195500
  2.962974    0.165120
  2.994495    0.134570
  3.026016    0.103880
  3.057537    0.073078
  3.089058    0.042196
  3.120579    0.011264
  3.152100   -0.019689
  3.183621   -0.050633
  3.215142   -0.081538
  3.246663   -0.112373
  3.278184   -0.143110
  3.309705   -0.173719
  3.341226   -0.204171
  3.372747   -0.234436
  3.404268   -0.264486
  3.435789   -0.294292
  3.467310   -0.323826
  3.498831   -0.353061
  3.530352   -0.381968
  3.561873   -0.410520
  3.593394   -0.438691
  3.624915   -0.466454
  3.656436   -0.493784
  3.687957   -0.520654
  3.719478   -0.547040
  3.750999   -0.572917
  3.782520   -0.598262
  3.814041   -0.623050
  3.845562   -0.647260
  3.877083   -0.670868
  3.908604   -0.693854
  3.940125   -0.716195
  3.971646   -0.737872
  4.003167   -0.758864
  4.034688   -0.779153
  4.066209   -0.798720
  4.097730   -0.817547
  4.129251   -0.835617
  4.160772   -0.852913
  4.192293   -0.869420
  4.223814   -0.885122
  4.255335   -0.900006
  4.286856   -0.914058
  4.318377   -0.927265
  4.349898   -0.939616
  4.381419   -0.951097
  4.412940   -0.961701
  4.444461   -0.971416
  4.475982   -0.980233
  4.507503   -0.988146
  4.539023   -0.995145
  4.570544   -1.001226
  4.602065   -1.006381
  4.633586   -1.010607
  4.665107   -1.013899
  4.696628   -1.016254
  4.728149   -1.017669
  4.759670   -1.018143
  4.791191   -1.017676
  4.822712   -1.016267
  4.854233   -1.013917
  4.885754   -1.010628
  4.917275   -1.006402
  4.948796   -1.001244
  4.980317   -0.995156
  5.011838   -0.988145
  5.043359   -0.980216
  5.074880   -0.971376
  5.106401   -0.961632
  5.137922   -0.950993
  5.169443   -0.939468
  5.200964   -0.927068
  5.232485   -0.913802
  5.264006   -0.899682
  5.295527   -0.884722
  5.327048   -0.868933
  5.358569   -0.852331
  5.390090   -0.834929
  5.421611   -0.816744
  5.453132   -0.797792
  5.484653   -0.778090
  5.516174   -0.757655
  5.547695   -0.736506
  5.579216   -0.714662
  5.610737   -0.692144
  5.642258   -0.668971
  5.673779   -0.645166
  5.705300   -0.620749
  5.736821   -0.595744
  5.768342   -0.570174
  5.799863   -0.544062
  5.831384   -0.517433
  5.862905   -0.490313
  5.894426   -0.462725
  5.925947   -0.434697
  5.957468   -0.406255
  5.988989   -0.377425
  6.020510   -0.348236
  6.052031   -0.318716
  6.083552   -0.288892
  6.115073   -0.258793
  6.146594   -0.228448
  6.178115   -0.197887
  6.209636   -0.167139
  6.241157   -0.136235
  6.272678   -0.105204
  6.304199   -0.074077
  6.335720   -0.042884
  6.367241   -0.011656
  6.398762    0.019576
  6.430283    0.050781
  6.461804    0.081929
  6.493325    0.112988
  6.524846    0.143928
  6.556367    0.174717
  6.587888    0.205324
  6.619409    0.235720
  6.650930    0.265873
  6.682451    0.295754
  6.713972    0.325332
  6.745493    0.354577
  6.777014    0.383460
  6.808535    0.411951
  6.840056    0.440022
  6.871577    0.467645
  6.903098    0.494791
  6.934619    0.521433
  6.966140    0.547543
  6.997661    0.573097
  7.029182    0.598066
  7.060703    0.622428
  7.092224    0.646155
  7.123745    0.669226
  7.155266    0.691616
  7.186787    0.713303
  7.218308    0.734266
  7.249829    0.754482
  7.281350    0.773933
  7.312871    0.792599
  7.344392    0.810461
  7.375913    0.827501
  7.407434    0.843704
  7.438955    0.859053
  7.470476    0.873534
  7.501997    0.887133
  7.533518    0.899837
  7.565039    0.911633
  7.596560    0.922513
  7.628081    0.932464
  7.659602    0.941480
  7.691123    0.949552
  7.722644    0.956673
  7.754165    0.962838
  7.785686    0.968043
  7.817207    0.972284
  7.848728    0.975558
  7.880249    0.977864
  7.911770    0.979203
  7.943291    0.979574
  7.974812    0.978980
  8.006333    0.977424
  8.037854    0.974909
  8.069375    0.971440
  8.100896    0.967025
  8.132417    0.961668
  8.163938    0.955380
  8.195459    0.948167
  8.226980    0.940042
  8.258501    0.931013
  8.290022    0.921094
  8.321543    0.910296
  8.353064    0.898634
  8.384585    0.886121
  8.416106    0.872774
  8.447627    0.858607
  8.479148    0.843638
  8.510669    0.827884
  8.542190    0.811364
  8.573711    0.794096
  8.605232    0.776099
  8.636753    0.757395
  8.668274    0.738003
  8.699795    0.717945
  8.731316    0.697243
  8.762837    0.675919
  8.794358    0.653996
  8.825879    0.631497
  8.857400    0.608444
  8.888921    0.584863
  8.920442    0.560777
  8.951963    0.536210
  8.983484    0.511188
  9.015005    0.485734
  9.046526    0.459874
  9.078047    0.433633
  9.109568    0.407037
  9.141089    0.380109
  9.172610    0.352876
  9.204131    0.325362
  9.235652    0.297593
  9.267173    0.269593
  9.298694    0.241389
  9.330215    0.213003
  9.361736    0.184462
  9.393257    0.155789
  9.424778    0.127008
