  0.000000    1.011984
  0.031521    1.009586
  0.063042    1.006406
  0.094563    1.002434
  0.126084    0.997663
  0.157605    0.992085
  0.189126    0.985694
  0.220647    0.978486
  0.252168    0.970455
  0.283689    0.961600
  0.315210    0.951917
  0.346731    0.941407
  0.378252    0.930068
  0.409773    0.917903
  0.441294    0.904913
  0.472815    0.891103
  0.504336    0.876476
  0.535857    0.861038
  0.567378    0.844797
  0.598899    0.827760
  0.630420    0.809937
  0.661941    0.791338
  0.693462    0.771974
  0.724983    0.751858
  0.756504    0.731004
  0.788025    0.709426
  0.819546    0.687142
  0.851067    0.664167
  0.882588    0.640520
  0.914109    0.616221
  0.945630    0.591289
  0.977151    0.565746
  1.008672    0.539614
  1.040193    0.512917
  1.071714    0.485678
  1.103235    0.457923
  1.134756    0.429678
  1.166277    0.400969
  1.197798    0.371825
  1.229319    0.342273
  1.260840    0.312343
  1.292361    0.282064
  1.323882    0.251467
  1.355403    0.220583
  1.386924    0.189444
  1.418445    0.158081
  1.449966    0.126526
  1.481487    0.094814
  1.513008    0.062977
  1.544529    0.031049
  1.576050   -0.000937
  1.607571   -0.032946
  1.639092   -0.064944
  1.670613   -0.096897
  1.702134   -0.128771
  1.733655   -0.160530
  1.765176   -0.192142
  1.796697   -0.223571
  1.828218   -0.254784
  1.859739   -0.285747
  1.891260   -0.316426
  1.922781   -0.346787
  1.954302   -0.376799
  1.985823   -0.406428
  2.017344   -0.435643
  2.048865   -0.464411
  2.080386   -0.492703
  2.111907   -0.520486
  2.143428   -0.547732
  2.174949   -0.574411
  2.206470   -0.600495
  2.237991   -0.625956
  2.269512   -0.650767
  2.301033   -0.674902
  2.332554   -0.698336
  2.364075   -0.721044
  2.395596   -0.743002
  2.427117   -0.764188
  2.458638   -0.784581
  2.490159   -0.804159
  2.521680   -0.822903
  2.553201   -0.840795
  2.584722   -0.857816
  2.616243   -0.873951
  2.647764   -0.889183
  2.679285   -0.903498
  2.710806   -0.916883
  2.742327   -0.929326
  2.773848   -0.940815
  2.805369   -0.951340
  2.836890   -0.960893
  2.868411   -0.969465
  2.899932   -0.977051
  2.931453   -0.983643
  2.962974   -0.989239
  2.994495   -0.993833
  3.026016   -0.997425
  3.057537   -1.000012
  3.089058   -1.001595
  3.120579   -1.002174
  3.152100   -1.001751
  3.183621   -1.000330
  3.215142   -0.997913
  3.246663   -0.994506
  3.278184   -0.990115
  3.309705   -0.984747
  3.341226   -0.978409
  3.372747   -0.971110
  3.404268   -0.962860
  3.435789   -0.953669
  3.467310   -0.943549
  3.498831   -0.932511
  3.530352   -0.920568
  3.561873   -0.907735
  3.593394   -0.894026
  3.624915   -0.879456
  3.656436   -0.864041
  3.687957   -0.847797
  3.719478   -0.830743
  3.750999   -0.812895
  3.782520   -0.794273
  3.814041   -0.774895
  3.845562   -0.754783
  3.877083   -0.733955
  3.908604   -0.712432
  3.940125   -0.690237
  3.971646   -0.667390
  4.003167   -0.643915
  4.034688   -0.619833
  4.066209   -0.595169
  4.097730   -0.569945
  4.129251   -0.544186
  4.160772   -0.517917
  4.192293   -0.491160
  4.223814   -0.463943
  4.255335   -0.436290
  4.286856   -0.408227
  4.318377   -0.379779
  4.349898   -0.350973
  4.381419   -0.321836
  4.412940   -0.292394
  4.444461   -0.262673
  4.475982   -0.232702
  4.507503   -0.202506
  4.539023   -0.172115
  4.570544   -0.141554
  4.602065   -0.110853
  4.633586   -0.080039
  4.665107   -0.049139
  4.696628   -0.018182
  4.728149    0.012803
  4.759670    0.043790
  4.791191    0.074748
  4.822712    0.105651
  4.854233    0.136470
  4.885754    0.167176
  4.917275    0.197741
  4.948796    0.228137
  4.980317    0.258335
  5.011838    0.288308
  5.043359    0.318027
  5.074880    0.347464
  5.106401    0.376591
  5.137922    0.405381
  5.169443    0.433806
  5.200964    0.461838
  5.232485    0.489450
  5.264006    0.516616
  5.295527    0.543308
  5.327048    0.569499
  5.358569    0.595165
  5.390090    0.620278
  5.421611    0.644813
  5.453132    0.668745
  5.484653    0.692050
  5.516174    0.714702
  5.547695    0.736678
  5.579216    0.757954
  5.610737    0.778508
  5.642258    0.798317
  5.673779    0.817359
  5.705300    0.835614
  5.736821    0.853059
  5.768342    0.869676
  5.799863    0.885445
  5.831384    0.900348
  5.862905    0.914367
  5.894426    0.927484
  5.925947    0.939685
  5.957468    0.950952
  5.988989    0.961272
  6.020510    0.970631
  6.052031    0.979017
  6.083552    0.986418
  6.115073    0.992823
  6.146594    0.998222
  6.178115    1.002607
  6.209636    1.005971
  6.241157    1.008306
  6.272678    1.009607
  6.304199    1.009871
  6.335720    1.009093
  6.367241    1.007273
  6.398762    1.004409
  6.430283    1.000501
  6.461804    0.995553
  6.493325    0.989565
  6.524846    0.982544
  6.556367    0.974493
  6.587888    0.965420
  6.619409    0.955332
  6.650930    0.944240
  6.682451    0.932152
  6.713972    0.919081
  6.745493    0.905040
  6.777014    0.890044
  6.808535    0.874106
  6.840056    0.857245
  6.871577    0.839478
  6.903098    0.820824
  6.934619    0.801303
  6.966140    0.780936
  6.997661    0.759747
  7.029182    0.737759
  7.060703    0.714996
  7.092224    0.691484
  7.123745    0.667250
  7.155266    0.642321
  7.186787    0.616726
  7.218308    0.590496
  7.249829    0.563659
  7.281350    0.536247
  7.312871    0.508293
  7.344392    0.479828
  7.375913    0.450886
  7.407434    0.421502
  7.438955    0.391708
  7.470476    0.361542
  7.501997    0.331037
  7.533518    0.300231
  7.565039    0.269158
  7.596560    0.237856
  7.628081    0.206361
  7.659602    0.174710
  7.691123    0.142940
  7.722644    0.111088
  7.754165    0.079191
  7.785686    0.047287
  7.817207    0.015411
  7.848728   -0.016400
  7.880249   -0.048108
  7.911770   -0.079679
  7.943291   -0.111077
  7.974812   -0.142265
  8.006333   -0.173211
  8.037854   -0.203878
  8.069375   -0.234235
  8.100896   -0.264247
  8.132417   -0.293882
  8.163938   -0.323110
  8.195459   -0.351899
  8.226980   -0.380219
  8.258501   -0.408042
  8.290022   -0.435339
  8.321543   -0.462083
  8.353064   -0.488249
  8.384585   -0.513811
  8.416106   -0.538745
  8.447627   -0.563028
  8.479148   -0.586639
  8.510669   -0.609557
  8.542190   -0.631764
  8.573711   -0.653240
  8.605232   -0.673968
  8.636753   -0.693934
  8.668274   -0.713123
  8.699795   -0.731522
  8.731316   -0.749118
  8.762837   -0.765902
  8.794358   -0.781863
  8.825879   -0.796995
  8.857400   -0.811290
  8.888921   -0.824743
  8.920442   -0.837350
  8.951963   -0.849107
  8.983484   -0.860014
  9.015005   -0.870070
  9.046526   -0.879275
  9.078047   -0.887631
  9.109568   -0.895143
  9.141089   -0.901813
  9.172610   -0.907648
  9.204131   -0.912654
  9.235652   -0.916838
  9.267173   -0.920210
  9.298694   -0.922778
  9.330215   -0.924554
  9.361736   -0.925549
  9.393257   -0.925775
  9.424778   -0.925246
